# G & A Technical Software, Inc.  (GATS) Spectral Calculator
# http://www.spectralcalc.com
# Date: Thu Feb 23 10:57:56 2023
# Line list: hitran2020
#
# Cell Number: 1
# Pressure (mb) = 540.5
# Temperature (K) = 255.7
# Length (cm) = 100000
# Gas               Isotope Id            Volume Mixing Ratio   
#  H2O              0  All Isotopes       0.0014               
#
# Bandpass Starting Wavelength (microns) = 0.82810018458308
# Bandpass Ending Wavelength (microns) = 0.828499815238631
# Number of Spectral Points = 1083
# Mean Transmittance = 0.9826381033816
#
#   Wavelength (microns)   Transmittance
8.281001845830797e-01 9.918189945974166e-01
8.281005537495029e-01 9.920696353126229e-01
8.281009229162557e-01 9.923891027944736e-01
8.281012920833372e-01 9.927604191693389e-01
8.281016612507476e-01 9.931648768527274e-01
8.281020304184873e-01 9.935852717532400e-01
8.281023995865570e-01 9.940069017976588e-01
8.281027687549548e-01 9.944181792857345e-01
8.281031379236821e-01 9.948107388812739e-01
8.281035070927382e-01 9.951791307381302e-01
8.281038762621237e-01 9.955203420035017e-01
8.281042454318390e-01 9.958332497839459e-01
8.281046146018827e-01 9.961180914851471e-01
8.281049837722556e-01 9.963760221586466e-01
8.281053529429577e-01 9.966087358737009e-01
8.281057221139896e-01 9.968182167045102e-01
8.281060912853500e-01 9.970065438228209e-01
8.281064604570395e-01 9.971757708650437e-01
8.281068296290581e-01 9.973278518791437e-01
8.281071988014066e-01 9.974645974520188e-01
8.281075679740837e-01 9.975876573460715e-01
8.281079371470899e-01 9.976985168938592e-01
8.281083063204251e-01 9.977985071558527e-01
8.281086754940896e-01 9.978888072346713e-01
8.281090446680839e-01 9.979704615028044e-01
8.281094138424065e-01 9.980443924575653e-01
8.281097830170585e-01 9.981114112846712e-01
8.281101521920397e-01 9.981722339090058e-01
8.281105213673506e-01 9.982274899794158e-01
8.281108905429900e-01 9.982777325669738e-01
8.281112597189585e-01 9.983234511308292e-01
8.281116288952562e-01 9.983650743842216e-01
8.281119980718840e-01 9.984029879287549e-01
8.281123672488400e-01 9.984375323704837e-01
8.281127364261252e-01 9.984690124819219e-01
8.281131056037396e-01 9.984977017193264e-01
8.281134747816831e-01 9.985238480218591e-01
8.281138439599566e-01 9.985476774048891e-01
8.281142131385585e-01 9.985693986015405e-01
8.281145823174894e-01 9.985892067760143e-01
8.281149514967496e-01 9.986073336232918e-01
8.281153206763396e-01 9.986238469447846e-01
8.281156898562583e-01 9.986389634794872e-01
8.281160590365060e-01 9.986528245342751e-01
8.281164282170828e-01 9.986655484095074e-01
8.281167973979894e-01 9.986772270244215e-01
8.281171665792246e-01 9.986879298673619e-01
8.281175357607891e-01 9.986976866704633e-01
8.281179049426827e-01 9.987065268209758e-01
8.281182741249054e-01 9.987144671530774e-01
8.281186433074579e-01 9.987215236900797e-01
8.281190124903389e-01 9.987277161786735e-01
8.281193816735491e-01 9.987330740185469e-01
8.281197508570886e-01 9.987376324255800e-01
8.281201200409578e-01 9.987414289436497e-01
8.281204892251556e-01 9.987445041420041e-01
8.281208584096825e-01 9.987468948713926e-01
8.281212275945384e-01 9.987486358915223e-01
8.281215967797245e-01 9.987497577779463e-01
8.281219659652388e-01 9.987502887821473e-01
8.281223351510825e-01 9.987502548313557e-01
8.281227043372552e-01 9.987496785982328e-01
8.281230735237571e-01 9.987485835701839e-01
8.281234427105890e-01 9.987469900960694e-01
8.281238118977493e-01 9.987449164325407e-01
8.281241810852388e-01 9.987423788602372e-01
8.281245502730574e-01 9.987393921488028e-01
8.281249194612059e-01 9.987359688592291e-01
8.281252886496829e-01 9.987321207390454e-01
8.281256578384891e-01 9.987278583734798e-01
8.281260270276245e-01 9.987238625094829e-01
8.281263962170897e-01 9.987187600394933e-01
8.281267654068833e-01 9.987132685710448e-01
8.281271345970063e-01 9.987073936912664e-01
8.281275037874585e-01 9.987011405225459e-01
8.281278729782398e-01 9.986944950041250e-01
8.281282421693508e-01 9.986874956267320e-01
8.281286113607903e-01 9.986801271675290e-01
8.281289805525591e-01 9.986723925412051e-01
8.281293497446572e-01 9.986642923375684e-01
8.281297189370850e-01 9.986558279606210e-01
8.281300881298415e-01 9.986469981407885e-01
8.281304573229270e-01 9.986378027715086e-01
8.281308265163416e-01 9.986282409328355e-01
8.281311957100863e-01 9.986183117052619e-01
8.281315649041594e-01 9.986080119609100e-01
8.281319340985616e-01 9.985973396187097e-01
8.281323032932931e-01 9.985862910868362e-01
8.281326724883538e-01 9.985748630065457e-01
8.281330416837442e-01 9.985630509734469e-01
8.281334108794633e-01 9.985508501188096e-01
8.281337800755114e-01 9.985382544121422e-01
8.281341492718889e-01 9.985252581724515e-01
8.281345184685961e-01 9.985118549058249e-01
8.281348876656319e-01 9.984980396303172e-01
8.281352568629969e-01 9.984838027152136e-01
8.281356260606910e-01 9.984691372043287e-01
8.281359952587151e-01 9.984540332365495e-01
8.281363644570675e-01 9.984384835090672e-01
8.281367336557492e-01 9.984224763033165e-01
8.281371028547602e-01 9.984060017617794e-01
8.281374720541004e-01 9.983890484010477e-01
8.281378412537703e-01 9.983716041580443e-01
8.281382104537688e-01 9.983536565063542e-01
8.281385796540964e-01 9.983351917589994e-01
8.281389488547534e-01 9.983161968119022e-01
8.281393180557400e-01 9.982966524033130e-01
8.281396872570553e-01 9.982765467116191e-01
8.281400564586998e-01 9.982558612929967e-01
8.281404256606735e-01 9.982345756143657e-01
8.281407948629763e-01 9.982126718182261e-01
8.281411640656091e-01 9.981901289122498e-01
8.281415332685703e-01 9.981669240479791e-01
8.281419024718608e-01 9.981430337993767e-01
8.281422716754805e-01 9.981184326524991e-01
8.281426408794299e-01 9.980930928897336e-01
8.281430100837081e-01 9.980669866816961e-01
8.281433792883153e-01 9.980400819047196e-01
8.281437484932517e-01 9.980123449300824e-01
8.281441176985179e-01 9.979837406244875e-01
8.281444869041128e-01 9.979542277034851e-01
8.281448561100369e-01 9.979237644252322e-01
8.281452253162902e-01 9.978923025501122e-01
8.281455945228725e-01 9.978597926858446e-01
8.281459637297848e-01 9.978261784800633e-01
8.281463329370257e-01 9.977914012683893e-01
8.281467021445957e-01 9.977553933385589e-01
8.281470713524950e-01 9.977180839725995e-01
8.281474405607242e-01 9.976793936410169e-01
8.281478097692818e-01 9.976392388834193e-01
8.281481789781686e-01 9.975975272005084e-01
8.281485481873847e-01 9.975541605412258e-01
8.281489173969308e-01 9.975090399505151e-01
8.281492866068052e-01 9.974620593007442e-01
8.281496558170089e-01 9.974131194611903e-01
8.281500250275419e-01 9.973621264405641e-01
8.281503942384039e-01 9.973090057843026e-01
8.281507634495959e-01 9.972537130197425e-01
8.281511326611164e-01 9.971962482763038e-01
8.281515018729662e-01 9.971366753105771e-01
8.281518710851451e-01 9.970751330941320e-01
8.281522402976539e-01 9.970118527341102e-01
8.281526095104913e-01 9.969471620829933e-01
8.281529787236579e-01 9.968814699197581e-01
8.281533479371536e-01 9.968152557068950e-01
8.281537171509792e-01 9.967489600247961e-01
8.281540863651334e-01 9.966830152149098e-01
8.281544555796169e-01 9.966177247205661e-01
8.281548247944295e-01 9.965532215978825e-01
8.281551940095714e-01 9.964894407308085e-01
8.281555632250431e-01 9.964261035829225e-01
8.281559324408433e-01 9.963627530619797e-01
8.281563016569728e-01 9.962987872115968e-01
8.281566708734315e-01 9.962335750045748e-01
8.281570400902201e-01 9.961664329325249e-01
8.281574093073373e-01 9.960967259201767e-01
8.281577785247835e-01 9.960238963114079e-01
8.281581477425591e-01 9.959474726696433e-01
8.281585169606647e-01 9.958670699939726e-01
8.281588861790985e-01 9.957823767170140e-01
8.281592553978618e-01 9.956931370692618e-01
8.281596246169542e-01 9.955991380855883e-01
8.281599938363758e-01 9.955001785371491e-01
8.281603630561275e-01 9.953960744979634e-01
8.281607322762076e-01 9.952708571185347e-01
8.281611014966168e-01 9.951549796223378e-01
8.281614707173554e-01 9.950332496086935e-01
8.281618399384237e-01 9.949053963514529e-01
8.281622091598208e-01 9.947711076841155e-01
8.281625783815469e-01 9.946300351412318e-01
8.281629476036023e-01 9.944817708518249e-01
8.281633168259876e-01 9.943258540929081e-01
8.281636860487015e-01 9.941617579384765e-01
8.281640552717446e-01 9.939888967598468e-01
8.281644244951170e-01 9.938066420592445e-01
8.281647937188186e-01 9.936143711476051e-01
8.281651629428499e-01 9.934115495425566e-01
8.281655321672098e-01 9.931978239004400e-01
8.281659013918991e-01 9.929731388547719e-01
8.281662706169175e-01 9.927377348535573e-01
8.281666398422659e-01 9.924920276365828e-01
8.281670090679428e-01 9.922364069943733e-01
8.281673782939489e-01 9.919708436648079e-01
8.281677475202842e-01 9.916946321953323e-01
8.281681167469496e-01 9.914063079027886e-01
8.281684859739432e-01 9.911037741014135e-01
8.281688552012663e-01 9.907845764419867e-01
8.281692244289186e-01 9.904462589839789e-01
8.281695936569000e-01 9.900864992746278e-01
8.281699628852115e-01 9.897032146037397e-01
8.281703321138515e-01 9.892944616222591e-01
8.281707013428206e-01 9.888583205255744e-01
8.281710705721190e-01 9.883927629785736e-01
8.281714398017473e-01 9.878955655517816e-01
8.281718090317043e-01 9.873630327114498e-01
8.281721782619904e-01 9.867945721294553e-01
8.281725474926058e-01 9.861859496492082e-01
8.281729167235510e-01 9.855335952115631e-01
8.281732859548248e-01 9.848334999015873e-01
8.281736551864278e-01 9.840811579369684e-01
8.281740244183602e-01 9.832715259539325e-01
8.281743936506217e-01 9.823989447439794e-01
8.281747628832131e-01 9.814570421348419e-01
8.281751321161330e-01 9.804386502755982e-01
8.281755013493823e-01 9.793356873844639e-01
8.281758705829608e-01 9.781390073722507e-01
8.281762398168692e-01 9.768383018696929e-01
8.281766090511061e-01 9.754218695334549e-01
8.281769782856724e-01 9.738764525645908e-01
8.281773475205677e-01 9.721870250393204e-01
8.281777167557932e-01 9.703365242275674e-01
8.281780859913471e-01 9.683055907347159e-01
8.281784552272302e-01 9.660722569052276e-01
8.281788244634426e-01 9.636116395865332e-01
8.281791936999843e-01 9.608956234272645e-01
8.281795629368558e-01 9.578925364787425e-01
8.281799321740559e-01 9.545669278363652e-01
8.281803014115852e-01 9.508794968627298e-01
8.281806706494439e-01 9.467870937328914e-01
8.281810398876324e-01 9.422433668772652e-01
8.281814091261495e-01 9.371998269826414e-01
8.281817783649958e-01 9.316076329927649e-01
8.281821476041714e-01 9.254209218179216e-01
8.281825168436762e-01 9.186015675654527e-01
8.281828860835109e-01 9.111258763578592e-01
8.281832553236743e-01 9.029935857145536e-01
8.281836245641668e-01 8.942389210279279e-01
8.281839938049887e-01 8.849431257823452e-01
8.281843630461404e-01 8.752468417596937e-01
8.281847322876208e-01 8.653600892678319e-01
8.281851015294303e-01 8.555668879424455e-01
8.281854707715691e-01 8.462199414960766e-01
8.281858400140378e-01 8.377348178533648e-01
8.281862092568352e-01 8.305034956591144e-01
8.281865784999618e-01 8.249327597514777e-01
8.281869477434175e-01 8.213515396727337e-01
8.281873169872026e-01 8.199826988487079e-01
8.281876862313177e-01 8.209138762496763e-01
8.281880554757611e-01 8.240855196497582e-01
8.281884247205340e-01 8.292982086431291e-01
8.281887939656360e-01 8.362410980940578e-01
8.281891632110681e-01 8.445159004111613e-01
8.281895324568287e-01 8.537325762744647e-01
8.281899017029185e-01 8.634695901075844e-01
8.281902709493375e-01 8.733625933829824e-01
8.281906401960866e-01 8.831137980698025e-01
8.281910094431642e-01 8.924989526194088e-01
8.281913786905710e-01 9.013649509182963e-01
8.281917479383072e-01 9.096200934811304e-01
8.281921171863725e-01 9.172221463111957e-01
8.281924864347677e-01 9.241656843658407e-01
8.281928556834917e-01 9.304706806453269e-01
8.281932249325449e-01 9.361730974992817e-01
8.281935941819273e-01 9.413177652456367e-01
8.281939634316396e-01 9.459532240545496e-01
8.281943326816805e-01 9.501282058553210e-01
8.281947019320507e-01 9.538896361341325e-01
8.281950711827502e-01 9.572812636605590e-01
8.281954404337796e-01 9.603431935179366e-01
8.281958096851375e-01 9.631115652120480e-01
8.281961789368247e-01 9.656188192266816e-01
8.281965481888413e-01 9.678936834109659e-01
8.281969174411870e-01 9.699616367991538e-01
8.281972866938627e-01 9.718451805579458e-01
8.281976559468669e-01 9.735641215287947e-01
8.281980252002005e-01 9.751359187654083e-01
8.281983944538633e-01 9.765759029052312e-01
8.281987637078561e-01 9.778976028368875e-01
8.281991329621774e-01 9.791128849188042e-01
8.281995022168280e-01 9.802321734041449e-01
8.281998714718078e-01 9.812646400221371e-01
8.282002407271176e-01 9.822183376348537e-01
8.282006099827561e-01 9.831004690592512e-01
8.282009792387238e-01 9.839176171393823e-01
8.282013484950208e-01 9.846760250669924e-01
8.282017177516470e-01 9.853816954531714e-01
8.282020870086031e-01 9.860403885943291e-01
8.282024562658878e-01 9.866572124068850e-01
8.282028255235019e-01 9.872363456804981e-01
8.282031947814451e-01 9.877819137820150e-01
8.282035640397184e-01 9.882937751017570e-01
8.282039332983202e-01 9.887747297834345e-01
8.282043025572513e-01 9.892264746107975e-01
8.282046718165117e-01 9.896507048708384e-01
8.282050410761020e-01 9.900493480471950e-01
8.282054103360209e-01 9.904243783831972e-01
8.282057795962692e-01 9.907776909797141e-01
8.282061488568466e-01 9.911110162786751e-01
8.282065181177533e-01 9.914258926171323e-01
8.282068873789901e-01 9.917237025410549e-01
8.282072566405554e-01 9.920056658357045e-01
8.282076259024499e-01 9.922728871272763e-01
8.282079951646738e-01 9.925263643256037e-01
8.282083644272276e-01 9.927670183823752e-01
8.282087336901099e-01 9.929956847432949e-01
8.282091029533216e-01 9.932131256249316e-01
8.282094722168625e-01 9.934200478804392e-01
8.282098414807334e-01 9.936170959194841e-01
8.282102107449330e-01 9.938048724005003e-01
8.282105800094618e-01 9.939839270213743e-01
8.282109492743198e-01 9.941547730844014e-01
8.282113185395072e-01 9.943178735284643e-01
8.282116878050245e-01 9.944736653915032e-01
8.282120570708703e-01 9.946225620713703e-01
8.282124263370456e-01 9.947649379908988e-01
8.282127956035501e-01 9.949011405884660e-01
8.282131648703844e-01 9.950314958363031e-01
8.282135341375475e-01 9.951563035717288e-01
8.282139034050399e-01 9.952917737113507e-01
8.282142726728614e-01 9.954054732850093e-01
8.282146419410131e-01 9.955144555419487e-01
8.282150112094933e-01 9.956189308048189e-01
8.282153804783027e-01 9.957190947110072e-01
8.282157497474414e-01 9.958151513817719e-01
8.282161190169094e-01 9.959072656509810e-01
8.282164882867075e-01 9.959955978241248e-01
8.282168575568341e-01 9.960802920740304e-01
8.282172268272898e-01 9.961614782837576e-01
8.282175960980751e-01 9.962392738914406e-01
8.282179653691902e-01 9.963137848089867e-01
8.282183346406340e-01 9.963851042540341e-01
8.282187039124070e-01 9.964533050859736e-01
8.282190731845094e-01 9.965184523253984e-01
8.282194424569417e-01 9.965806063978614e-01
8.282198117297025e-01 9.966398082794243e-01
8.282201810027927e-01 9.966960815778977e-01
8.282205502762122e-01 9.967494385608842e-01
8.282209195499610e-01 9.967998724933782e-01
8.282212888240398e-01 9.968473625068918e-01
8.282216580984471e-01 9.968918689543427e-01
8.282220273731837e-01 9.969333366563858e-01
8.282223966482497e-01 9.969716872394629e-01
8.282227659236456e-01 9.970068302758175e-01
8.282231351993702e-01 9.970386765160870e-01
8.282235044754241e-01 9.970671202491820e-01
8.282238737518072e-01 9.970920553218050e-01
8.282242430285204e-01 9.971133925539503e-01
8.282246123055621e-01 9.971310764599006e-01
8.282249815829330e-01 9.971451047557719e-01
8.282253508606333e-01 9.971555682972658e-01
8.282257201386630e-01 9.971626821937524e-01
8.282260894170226e-01 9.971668227226480e-01
8.282264586957108e-01 9.971685779369012e-01
8.282268279747284e-01 9.971687880520419e-01
8.282271972540750e-01 9.971685319669645e-01
8.282275665337518e-01 9.971691107704106e-01
8.282279358137572e-01 9.971720122221910e-01
8.282283050940920e-01 9.971787707778784e-01
8.282286743747560e-01 9.971908489951510e-01
8.282290436557492e-01 9.972094499959198e-01
8.282294129370725e-01 9.972354694577732e-01
8.282297822187245e-01 9.972692488233533e-01
8.282301515007057e-01 9.973105945260048e-01
8.282305207830162e-01 9.973587876378066e-01
8.282308900656568e-01 9.974126947156493e-01
8.282312593486258e-01 9.974708700506588e-01
8.282316286319242e-01 9.975317438733129e-01
8.282319979155519e-01 9.975937899627041e-01
8.282323671995098e-01 9.976556515283417e-01
8.282327364837960e-01 9.977162209336027e-01
8.282331057684117e-01 9.977746755560192e-01
8.282334750533565e-01 9.978304579067396e-01
8.282338443386309e-01 9.978832348294169e-01
8.282342136242352e-01 9.979329001278796e-01
8.282345829101679e-01 9.979794679759489e-01
8.282349521964302e-01 9.980230534278377e-01
8.282353214830217e-01 9.980638354898305e-01
8.282356907699432e-01 9.981020341226132e-01
8.282360600571933e-01 9.981378844476592e-01
8.282364293447728e-01 9.981716268671118e-01
8.282367986326814e-01 9.982034900932610e-01
8.282371679209202e-01 9.982336735943105e-01
8.282375372094876e-01 9.982623450294311e-01
8.282379064983842e-01 9.982896638331292e-01
8.282382757876102e-01 9.983157355376018e-01
8.282386450771655e-01 9.983406351246051e-01
8.282390143670507e-01 9.983644120182151e-01
8.282393836572646e-01 9.983871025174114e-01
8.282397529478079e-01 9.984087376977547e-01
8.282401222386805e-01 9.984293659595579e-01
8.282404915298830e-01 9.984490459389453e-01
8.282408608214142e-01 9.984678570859016e-01
8.282412301132746e-01 9.984859026878218e-01
8.282415994054644e-01 9.985033419534635e-01
8.282419686979843e-01 9.985203264319903e-01
8.282423379908327e-01 9.985370069861924e-01
8.282427072840105e-01 9.985535137973804e-01
8.282430765775176e-01 9.985699370660248e-01
8.282434458713539e-01 9.985863234045436e-01
8.282438151655204e-01 9.986026526994013e-01
8.282441844600155e-01 9.986188793760107e-01
8.282445537548397e-01 9.986349142606943e-01
8.282449230499934e-01 9.986506541068845e-01
8.282452923454771e-01 9.986660397242666e-01
8.282456616412894e-01 9.986810050597730e-01
8.282460309374311e-01 9.986955081233928e-01
8.282464002339019e-01 9.987095283160586e-01
8.282467695307029e-01 9.987230599203619e-01
8.282471388278325e-01 9.987361153571331e-01
8.282475081252915e-01 9.987487130945688e-01
8.282478774230797e-01 9.987608771834560e-01
8.282482467211973e-01 9.987726228396350e-01
8.282486160196449e-01 9.987839586525979e-01
8.282489853184211e-01 9.987949339089999e-01
8.282493546175266e-01 9.988055696429570e-01
8.282497239169615e-01 9.988158846805707e-01
8.282500932167264e-01 9.988258965699772e-01
8.282504625168199e-01 9.988356192556308e-01
8.282508318172427e-01 9.988450651711368e-01
8.282512011179949e-01 9.988542451228618e-01
8.282515704190772e-01 9.988631686386750e-01
8.282519397204879e-01 9.988718345488621e-01
8.282523090222281e-01 9.988802301716562e-01
8.282526783242976e-01 9.988883924791603e-01
8.282530476266964e-01 9.988963298383060e-01
8.282534169294253e-01 9.989040513141734e-01
8.282537862324828e-01 9.989115676003071e-01
8.282541555358696e-01 9.989188920653629e-01
8.282545248395857e-01 9.989261055268784e-01
8.282548941436318e-01 9.989330927379441e-01
8.282552634480067e-01 9.989399430059981e-01
8.282556327527110e-01 9.989466667945652e-01
8.282560020577444e-01 9.989532595656458e-01
8.282563713631079e-01 9.989597735327502e-01
8.282567406688000e-01 9.989662259059924e-01
8.282571099748215e-01 9.989726159864040e-01
8.282574792811723e-01 9.989789519135407e-01
8.282578485878525e-01 9.989852310115367e-01
8.282582178948626e-01 9.989914458362533e-01
8.282585872022014e-01 9.989975859196143e-01
8.282589565098696e-01 9.990031415363774e-01
8.282593258178671e-01 9.990090697538108e-01
8.282596951261946e-01 9.990148651413621e-01
8.282600644348508e-01 9.990205364301801e-01
8.282604337438364e-01 9.990260757622309e-01
8.282608030531511e-01 9.990314774913713e-01
8.282611723627961e-01 9.990367380669340e-01
8.282615416727697e-01 9.990418556262739e-01
8.282619109830724e-01 9.990468293544836e-01
8.282622802937046e-01 9.990516575053334e-01
8.282626496046661e-01 9.990563384490088e-01
8.282630189159578e-01 9.990608595544472e-01
8.282633882275781e-01 9.990651851403527e-01
8.282637575395275e-01 9.990693609579466e-01
8.282641268518065e-01 9.990733978920616e-01
8.282644961644154e-01 9.990773153840564e-01
8.282648654773531e-01 9.990811427705921e-01
8.282652347906201e-01 9.990849146270193e-01
8.282656041042165e-01 9.990886647719890e-01
8.282659734181427e-01 9.990924138110131e-01
8.282663427323976e-01 9.990961639559828e-01
8.282667120469820e-01 9.990998880239205e-01
8.282670813618958e-01 9.991035135462880e-01
8.282674506771388e-01 9.991070576361382e-01
8.282678199927118e-01 9.991104900254868e-01
8.282681893086136e-01 9.991137895267457e-01
8.282685586248445e-01 9.991169450222516e-01
8.282689279414051e-01 9.991199533105828e-01
8.282692972582955e-01 9.991228156141005e-01
8.282696665755146e-01 9.991255347849801e-01
8.282700358930631e-01 9.991281124530360e-01
8.282704052109409e-01 9.991305447183549e-01
8.282707745291480e-01 9.991328185424209e-01
8.282711438476853e-01 9.991349366027862e-01
8.282715131665511e-01 9.991368926130235e-01
8.282718824857463e-01 9.991386777837761e-01
8.282722518052710e-01 9.991402753512375e-01
8.282726211251256e-01 9.991416799603030e-01
8.282729904453089e-01 9.991428676876239e-01
8.282733597658216e-01 9.991438151919283e-01
8.282737290866635e-01 9.991444962797686e-01
8.282740984078355e-01 9.991448890068568e-01
8.282744677293362e-01 9.991450000088662e-01
8.282748370511663e-01 9.991447885404341e-01
8.282752063733257e-01 9.991442696773447e-01
8.282755756958144e-01 9.991434895200655e-01
8.282759450186332e-01 9.991425186162814e-01
8.282763143417807e-01 9.991414391552098e-01
8.282766836652576e-01 9.991403184249066e-01
8.282770529890638e-01 9.991391757503152e-01
8.282774223132001e-01 9.991379677667284e-01
8.282777916376651e-01 9.991365923779085e-01
8.282781609624593e-01 9.991349245538004e-01
8.282785302875829e-01 9.991327612078749e-01
8.282788996130367e-01 9.991299369721673e-01
8.282792689388190e-01 9.991263022529893e-01
8.282796382649308e-01 9.991217254428193e-01
8.282800075913719e-01 9.991160837817006e-01
8.282803769181423e-01 9.991092571290210e-01
8.282807462452428e-01 9.991011204547249e-01
8.282811155726719e-01 9.990915475063957e-01
8.282814849004305e-01 9.990804208209738e-01
8.282818542285184e-01 9.990676735760644e-01
8.282822235569364e-01 9.990532241645269e-01
8.282825928856831e-01 9.990371064050123e-01
8.282829622147591e-01 9.990194848505780e-01
8.282833315441643e-01 9.990006883163005e-01
8.282837008738997e-01 9.989818236260609e-01
8.282840702039639e-01 9.989626467019685e-01
8.282844395343574e-01 9.989446531885340e-01
8.282848088650803e-01 9.989289775526464e-01
8.282851781961325e-01 9.989167678079772e-01
8.282855475275147e-01 9.989090391402248e-01
8.282859168592256e-01 9.989064403322910e-01
8.282862861912659e-01 9.989092213640345e-01
8.282866555236356e-01 9.989171560977483e-01
8.282870248563353e-01 9.989295800546256e-01
8.282873941893638e-01 9.989455215447347e-01
8.282877635227215e-01 9.989638355819426e-01
8.282881328564087e-01 9.989833823531600e-01
8.282885021904259e-01 9.990026566665620e-01
8.282888715247718e-01 9.990218909224495e-01
8.282892408594471e-01 9.990400031674653e-01
8.282896101944518e-01 9.990566307096742e-01
8.282899795297858e-01 9.990716090542264e-01
8.282903488654499e-01 9.990849051391706e-01
8.282907182014427e-01 9.990965706529096e-01
8.282910875377648e-01 9.991067032096907e-01
8.282914568744164e-01 9.991154183517210e-01
8.282918262113980e-01 9.991228315629996e-01
8.282921955487083e-01 9.991290478501469e-01
8.282925648863479e-01 9.991341598797591e-01
8.282929342243168e-01 9.991382824373433e-01
8.282933035626160e-01 9.991414508549498e-01
8.282936729012438e-01 9.991437377757393e-01
8.282940422402010e-01 9.991452179383488e-01
8.282944115794876e-01 9.991459923912771e-01
8.282947809191035e-01 9.991461730678566e-01
8.282951502590494e-01 9.991459016455337e-01
8.282955195993241e-01 9.991453475086018e-01
8.282958889399282e-01 9.991447026841342e-01
8.282962582808616e-01 9.991441728197969e-01
8.282966276221252e-01 9.991439813165925e-01
8.282969969637174e-01 9.991442605387419e-01
8.282973663056390e-01 9.991451279493049e-01
8.282977356478899e-01 9.991466376231983e-01
8.282981049904711e-01 9.991487737861462e-01
8.282984743333808e-01 9.991514592547901e-01
8.282988436766199e-01 9.991545632947236e-01
8.282992130201885e-01 9.991579389898106e-01
8.282995823640863e-01 9.991614223690705e-01
8.282999517083143e-01 9.991648644790985e-01
8.283003210528710e-01 9.991681790561415e-01
8.283006903977570e-01 9.991712330374867e-01
8.283010597429725e-01 9.991739619872533e-01
8.283014290885180e-01 9.991763274883851e-01
8.283017984343922e-01 9.991783114965074e-01
8.283021677805958e-01 9.991798606351949e-01
8.283025371271289e-01 9.991810820065439e-01
8.283029064739920e-01 9.991819391725585e-01
8.283032758211837e-01 9.991824509925209e-01
8.283036451687048e-01 9.991826383047737e-01
8.283040145165554e-01 9.991825601318851e-01
8.283043838647355e-01 9.991822029114701e-01
8.283047532132455e-01 9.991815894609317e-01
8.283051225620841e-01 9.991807441692799e-01
8.283054919112522e-01 9.991796904359944e-01
8.283058612607498e-01 9.991784490412101e-01
8.283062306105774e-01 9.991770367487334e-01
8.283065999607337e-01 9.991754626389593e-01
8.283069693112194e-01 9.991737274685876e-01
8.283073386620344e-01 9.991718229721300e-01
8.283077080131798e-01 9.991697685909459e-01
8.283080773646536e-01 9.991675039636904e-01
8.283084467164569e-01 9.991649964940734e-01
8.283088160685895e-01 9.991622120141983e-01
8.283091854210517e-01 9.991591132129544e-01
8.283095547738438e-01 9.991556620225310e-01
8.283099241269647e-01 9.991518181050196e-01
8.283102934804148e-01 9.991475408314727e-01
8.283106628341945e-01 9.991427882341668e-01
8.283110321883043e-01 9.991375181125477e-01
8.283114015427427e-01 9.991317266249098e-01
8.283117708975107e-01 9.991253436892293e-01
8.283121402526080e-01 9.991183414240368e-01
8.283125096080346e-01 9.991107317619026e-01
8.283128789637912e-01 9.991024875198491e-01
8.283132483198767e-01 9.990936912363395e-01
8.283136176762916e-01 9.990844493731856e-01
8.283139870330360e-01 9.990749164135195e-01
8.283143563901103e-01 9.990652981796302e-01
8.283147257475134e-01 9.990558362333104e-01
8.283150951052458e-01 9.990468121832237e-01
8.283154644633077e-01 9.990384034463204e-01
8.283158338216997e-01 9.990307469852269e-01
8.283162031804204e-01 9.990238773752935e-01
8.283165725394706e-01 9.990177154541016e-01
8.283169418988500e-01 9.990120808361098e-01
8.283173112585589e-01 9.990067320177333e-01
8.283176806185980e-01 9.990014086943120e-01
8.283180499789656e-01 9.989963892074750e-01
8.283184193396629e-01 9.989905095222135e-01
8.283187887006894e-01 9.989842157376086e-01
8.283191580620460e-01 9.989774338970515e-01
8.283195274237315e-01 9.989701476128264e-01
8.283198967857462e-01 9.989623301482318e-01
8.283202661480903e-01 9.989539168565273e-01
8.283206355107646e-01 9.989448023917755e-01
8.283210048737676e-01 9.989348407112603e-01
8.283213742371001e-01 9.989238557771896e-01
8.283217436007619e-01 9.989116563285217e-01
8.283221129647531e-01 9.988980361165332e-01
8.283224823290743e-01 9.988828264694095e-01
8.283228516937245e-01 9.988657737296112e-01
8.283232210587040e-01 9.988466655460290e-01
8.283235904240129e-01 9.988252905258990e-01
8.283239597896519e-01 9.988014533551398e-01
8.283243291556197e-01 9.987749901492440e-01
8.283246985219167e-01 9.987458021717819e-01
8.283250678885433e-01 9.987138993117256e-01
8.283254372555000e-01 9.986794650575468e-01
8.283258066227853e-01 9.986429198250825e-01
8.283261759904001e-01 9.986050214661907e-01
8.283265453583444e-01 9.985668080008854e-01
8.283269147266180e-01 9.985297347250348e-01
8.283272840952218e-01 9.984954078332902e-01
8.283276534641542e-01 9.984656689275855e-01
8.283280228334161e-01 9.984422872588234e-01
8.283283922030075e-01 9.984267504998097e-01
8.283287615729289e-01 9.984200694969461e-01
8.283291309431791e-01 9.984226163624934e-01
8.283295003137586e-01 9.984340690853097e-01
8.283298696846676e-01 9.984534939046821e-01
8.283302390559066e-01 9.984794120361751e-01
8.283306084274745e-01 9.985100708239912e-01
8.283309777993718e-01 9.985436337872973e-01
8.283313471715985e-01 9.985784799973650e-01
8.283317165441547e-01 9.986131222353640e-01
8.283320859170409e-01 9.986464514967075e-01
8.283324552902558e-01 9.986776927674212e-01
8.283328246638002e-01 9.987063716075577e-01
8.283331940376740e-01 9.987322559584144e-01
8.283335634118779e-01 9.987553266505900e-01
8.283339327864105e-01 9.987756304632738e-01
8.283343021612726e-01 9.987933105945740e-01
8.283346715364641e-01 9.988085563197406e-01
8.283350409119858e-01 9.988215718279495e-01
8.283354102878362e-01 9.988325595907274e-01
8.283357796640159e-01 9.988417108225205e-01
8.283361490405252e-01 9.988491988483279e-01
8.283365184173638e-01 9.988551825882891e-01
8.283368877945326e-01 9.988598062057645e-01
8.283372571720302e-01 9.988632201520351e-01
8.283376265498571e-01 9.988655590706983e-01
8.283379959280135e-01 9.988669737737870e-01
8.283383653065000e-01 9.988676305427602e-01
8.283387346853153e-01 9.988677034525152e-01
8.283391040644600e-01 9.988673607650842e-01
8.283394734439340e-01 9.988667412069735e-01
8.283398428237382e-01 9.988659358285172e-01
8.283402122038712e-01 9.988649781197226e-01
8.283405815843337e-01 9.988638469175114e-01
8.283409509651255e-01 9.988625565252702e-01
8.283413203462469e-01 9.988609822885296e-01
8.283416897276982e-01 9.988590424620329e-01
8.283420591094782e-01 9.988566946048977e-01
8.283424284915879e-01 9.988539224405348e-01
8.283427978740270e-01 9.988507189955855e-01
8.283431672567960e-01 9.988470983442131e-01
8.283435366398940e-01 9.988430789795760e-01
8.283439060233213e-01 9.988386776508256e-01
8.283442754070780e-01 9.988339061072475e-01
8.283446447911650e-01 9.988287665634485e-01
8.283450141755806e-01 9.988232768156944e-01
8.283453835603257e-01 9.988174372185923e-01
8.283457529454002e-01 9.988112577780954e-01
8.283461223308042e-01 9.988047578023569e-01
8.283464917165384e-01 9.987979756685124e-01
8.283468611026013e-01 9.987909757984215e-01
8.283472304889935e-01 9.987838470297984e-01
8.283475998757153e-01 9.987766928482886e-01
8.283479692627671e-01 9.987695988306893e-01
8.283483386501478e-01 9.987626170652473e-01
8.283487080378579e-01 9.987557653389916e-01
8.283490774258975e-01 9.987490057453280e-01
8.283494468142670e-01 9.987422581731102e-01
8.283498162029653e-01 9.987354284449248e-01
8.283501855919932e-01 9.987284298270542e-01
8.283505549813506e-01 9.987211984927670e-01
8.283509243710374e-01 9.987136974746644e-01
8.283512937610542e-01 9.987059155011511e-01
8.283516631513997e-01 9.986978539739598e-01
8.283520325420749e-01 9.986895170853212e-01
8.283524019330795e-01 9.986809230952280e-01
8.283527713244141e-01 9.986720867754322e-01
8.283531407160776e-01 9.986630195258154e-01
8.283535101080706e-01 9.986537287932193e-01
8.283538795003927e-01 9.986442207455296e-01
8.283542488930453e-01 9.986344974815695e-01
8.283546182860266e-01 9.986245614489864e-01
8.283549876793372e-01 9.986144123053706e-01
8.283553570729774e-01 9.986040988834044e-01
8.283557264669470e-01 9.985935113304258e-01
8.283560958612467e-01 9.985827017353014e-01
8.283564652558753e-01 9.985716687102557e-01
8.283568346508331e-01 9.985604049390903e-01
8.283572040461206e-01 9.985489041523108e-01
8.283575734417381e-01 9.985371569422627e-01
8.283579428376844e-01 9.985251507633346e-01
8.283583122339602e-01 9.985128712108382e-01
8.283586816305655e-01 9.985002969065678e-01
8.283590510275001e-01 9.984874024052706e-01
8.283594204247648e-01 9.984741451763602e-01
8.283597898223585e-01 9.984604714169751e-01
8.283601592202816e-01 9.984462975716620e-01
8.283605286185342e-01 9.984314876694285e-01
8.283608980171168e-01 9.984158192726188e-01
8.283612674160282e-01 9.983989357149970e-01
8.283616368152690e-01 9.983802859107592e-01
8.283620062148394e-01 9.983591938818734e-01
8.283623756147400e-01 9.983349295633014e-01
8.283627450149692e-01 9.983071391855229e-01
8.283631144155279e-01 9.982763818029942e-01
8.283634838164160e-01 9.982445496026450e-01
8.283638532176337e-01 9.982147322910925e-01
8.283642226191816e-01 9.981902824185713e-01
8.283645920210581e-01 9.981734056961258e-01
8.283649614232642e-01 9.981640937217363e-01
8.283653308257998e-01 9.981601239345675e-01
8.283657002286654e-01 9.981581163296279e-01
8.283660696318598e-01 9.981549457931520e-01
8.283664390353838e-01 9.981486790020818e-01
8.283668084392370e-01 9.981387148027930e-01
8.283671778434205e-01 9.981253685486612e-01
8.283675472479328e-01 9.981093327824260e-01
8.283679166527746e-01 9.980913030493044e-01
8.283682860579459e-01 9.980718226494496e-01
8.283686554634465e-01 9.980512871732616e-01
8.283690248692773e-01 9.980299778559161e-01
8.283693942754370e-01 9.980081174706200e-01
8.283697636819262e-01 9.979858960092753e-01
8.283701330887447e-01 9.979634798632478e-01
8.283705024958935e-01 9.979410089211196e-01
8.283708719033710e-01 9.979185789131726e-01
8.283712413111779e-01 9.978962353754697e-01
8.283716107193144e-01 9.978739634327439e-01
8.283719801277811e-01 9.978517022096434e-01
8.283723495365765e-01 9.978293429772507e-01
8.283727189457013e-01 9.978067570368940e-01
8.283730883551558e-01 9.977838068737108e-01
8.283734577649394e-01 9.977603691566700e-01
8.283738271750535e-01 9.977363384543171e-01
8.283741965854964e-01 9.977116316468935e-01
8.283745659962685e-01 9.976861904793823e-01
8.283749354073703e-01 9.976599743579744e-01
8.283753048188021e-01 9.976329557025307e-01
8.283756742305628e-01 9.976051185514521e-01
8.283760436426529e-01 9.975764499663791e-01
8.283764130550725e-01 9.975469395673594e-01
8.283767824678223e-01 9.975165774422963e-01
8.283771518809009e-01 9.974853525212468e-01
8.283775212943090e-01 9.974532467707543e-01
8.283778907080466e-01 9.974202465743652e-01
8.283782601221136e-01 9.973863304242703e-01
8.283786295365108e-01 9.973514675295219e-01
8.283789989512367e-01 9.973156287315691e-01
8.283793683662921e-01 9.972787779129630e-01
8.283797377816771e-01 9.972408768749231e-01
8.283801071973922e-01 9.972018818554319e-01
8.283804766134361e-01 9.971617409768985e-01
8.283808460298094e-01 9.971204007488175e-01
8.283812154465123e-01 9.970778023543232e-01
8.283815848635454e-01 9.970338793306225e-01
8.283819542809071e-01 9.969885631426036e-01
8.283823236985985e-01 9.969417725067775e-01
8.283826931166194e-01 9.968934282502235e-01
8.283830625349695e-01 9.968434484372937e-01
8.283834319536501e-01 9.967917544057757e-01
8.283838013726594e-01 9.967382735522567e-01
8.283841707919980e-01 9.966829509347493e-01
8.283845402116663e-01 9.966257597109838e-01
8.283849096316647e-01 9.965667050756456e-01
8.283852790519919e-01 9.965058604457608e-01
8.283856484726486e-01 9.964433509669858e-01
8.283860178936349e-01 9.963793864379232e-01
8.283863873149511e-01 9.963142573368364e-01
8.283867567365962e-01 9.962483308487644e-01
8.283871261585709e-01 9.961820304260829e-01
8.283874955808751e-01 9.961157460120142e-01
8.283878650035088e-01 9.960498560825146e-01
8.283882344264726e-01 9.959846304864917e-01
8.283886038497651e-01 9.959201905995031e-01
8.283889732733872e-01 9.958564880414830e-01
8.283893426973388e-01 9.957932931387671e-01
8.283897121216206e-01 9.957302232649137e-01
8.283900815462312e-01 9.956667818343873e-01
8.283904509711713e-01 9.956024589437129e-01
8.283908203964407e-01 9.955367035640262e-01
8.283911898220406e-01 9.954690195160549e-01
8.283915592479693e-01 9.953989751941881e-01
8.283919286742272e-01 9.953262234835847e-01
8.283922981008147e-01 9.952504998853877e-01
8.283926675277317e-01 9.951716062745687e-01
8.283930369549790e-01 9.950893946626604e-01
8.283934063825551e-01 9.950037537460115e-01
8.283937758104606e-01 9.949145936057551e-01
8.283941452386956e-01 9.948218447752826e-01
8.283945146672608e-01 9.947254415582162e-01
8.283948840961549e-01 9.946253085974928e-01
8.283952535253785e-01 9.945213687557696e-01
8.283956229549315e-01 9.944135347842243e-01
8.283959923848148e-01 9.943017028491746e-01
8.283963618150266e-01 9.941857664338857e-01
8.283967312455682e-01 9.940655899593234e-01
8.283971006764393e-01 9.939410250062948e-01
8.283974701076399e-01 9.938119205109213e-01
8.283978395391706e-01 9.936780968610273e-01
8.283982089710300e-01 9.935393736823804e-01
8.283985784032191e-01 9.933955518072425e-01
8.283989478357378e-01 9.932464156102870e-01
8.283993172685864e-01 9.930917413560307e-01
8.283996867017640e-01 9.929312745612683e-01
8.284000561352711e-01 9.927647660926168e-01
8.284004255691076e-01 9.925919328893407e-01
8.284007950032737e-01 9.924124686387591e-01
8.284011644377701e-01 9.922260576781430e-01
8.284015338725951e-01 9.920323505418148e-01
8.284019033077498e-01 9.918309963485620e-01
8.284022727432339e-01 9.916216077362867e-01
8.284026421790481e-01 9.914037669319501e-01
8.284030116151913e-01 9.911461285737537e-01
8.284033810516640e-01 9.909083476031932e-01
8.284037504884660e-01 9.906606094595828e-01
8.284041199255984e-01 9.904023663648618e-01
8.284044893630595e-01 9.901330364017445e-01
8.284048588008502e-01 9.898519980921732e-01
8.284052282389704e-01 9.895585813087099e-01
8.284055976774201e-01 9.892520692701450e-01
8.284059671162000e-01 9.889316913375755e-01
8.284063365553087e-01 9.885966011092551e-01
8.284067059947470e-01 9.882458987585351e-01
8.284070754345148e-01 9.878785990657258e-01
8.284074448746126e-01 9.874936446110447e-01
8.284078143150394e-01 9.870899070177876e-01
8.284081837557956e-01 9.866661266585628e-01
8.284085531968814e-01 9.862209783934243e-01
8.284089226382976e-01 9.857530132436920e-01
8.284092920800423e-01 9.852606672672329e-01
8.284096615221167e-01 9.847422402103153e-01
8.284100309645205e-01 9.841959100510821e-01
8.284104004072540e-01 9.836196486471506e-01
8.284107698503177e-01 9.830112934243466e-01
8.284111392937100e-01 9.823684670581176e-01
8.284115087374320e-01 9.816885826396050e-01
8.284118781814834e-01 9.809687777448857e-01
8.284122476258651e-01 9.802059658667086e-01
8.284126170705757e-01 9.793967236841179e-01
8.284129865156157e-01 9.785373140739334e-01
8.284133559609852e-01 9.776236347313443e-01
8.284137254066849e-01 9.766511657057391e-01
8.284140948527136e-01 9.756126971570002e-01
8.284144642990716e-01 9.745069079273345e-01
8.284148337457593e-01 9.733257351774203e-01
8.284152031927765e-01 9.720624653739771e-01
8.284155726401239e-01 9.707095549940478e-01
8.284159420878000e-01 9.692586449359083e-01
8.284163115358057e-01 9.677004127567934e-01
8.284166809841410e-01 9.660244575032075e-01
8.284170504328064e-01 9.642190666166622e-01
8.284174198818008e-01 9.622711506042070e-01
8.284177893311245e-01 9.601659848421058e-01
8.284181587807780e-01 9.578870839366238e-01
8.284185282307616e-01 9.554158613376661e-01
8.284188976810739e-01 9.527314743247919e-01
8.284192671317159e-01 9.498104505316208e-01
8.284196365826875e-01 9.466263476594705e-01
8.284200060339884e-01 9.431494192930435e-01
8.284203754856196e-01 9.393461810997307e-01
8.284207449375798e-01 9.351790277745572e-01
8.284211143898692e-01 9.306058127266439e-01
8.284214838424884e-01 9.255794014053749e-01
8.284218532954377e-01 9.200474284899327e-01
8.284222227487159e-01 9.139521821805223e-01
8.284225922023237e-01 9.072307507139021e-01
8.284229616562608e-01 8.998155434923385e-01
8.284233311105282e-01 8.916357356424892e-01
8.284237005651246e-01 8.826194712260307e-01
8.284240700200505e-01 8.726977081031826e-01
8.284244394753060e-01 8.618098647698439e-01
8.284248089308909e-01 8.499118206426092e-01
8.284251783868060e-01 8.369868203059251e-01
8.284255478430499e-01 8.230590007630929e-01
8.284259172996234e-01 8.082096079147071e-01
8.284262867565265e-01 7.925934103752440e-01
8.284266562137598e-01 7.764545366929003e-01
8.284270256713220e-01 7.601364199400040e-01
8.284273951292137e-01 7.440835411231228e-01
8.284277645874348e-01 7.288289454879655e-01
8.284281340459864e-01 7.149661225390164e-01
8.284285035048665e-01 7.031163867376762e-01
8.284288729640764e-01 6.938090054322742e-01
8.284292424236158e-01 6.875358746832063e-01
8.284296118834846e-01 6.846310112348515e-01
8.284299813436838e-01 6.852533995502149e-01
8.284303508042119e-01 6.893690285389735e-01
8.284307202650694e-01 6.967537659462082e-01
8.284310897262565e-01 7.070202583271360e-01
8.284314591877737e-01 7.196380009040093e-01
8.284318286496200e-01 7.340596613973258e-01
8.284321981117957e-01 7.496603201364626e-01
8.284325675743009e-01 7.658635261822064e-01
8.284329370371364e-01 7.821648191869413e-01
8.284333065003007e-01 7.981547240609045e-01
8.284336759637946e-01 8.135252525742821e-01
8.284340454276180e-01 8.280652661488206e-01
8.284344148917711e-01 8.416476304096694e-01
8.284347843562542e-01 8.542130920426926e-01
8.284351538210661e-01 8.657536270037782e-01
8.284355232862078e-01 8.762969504978515e-01
8.284358927516791e-01 8.858940465181668e-01
8.284362622174803e-01 8.946093183029344e-01
8.284366316836107e-01 9.025132861330761e-01
8.284370011500706e-01 9.096778370392794e-01
8.284373706168598e-01 9.161728303576250e-01
8.284377400839795e-01 9.220643285290870e-01
8.284381095514280e-01 9.274134695811120e-01
8.284384790192059e-01 9.322761261485303e-01
8.284388484873135e-01 9.367027638936604e-01
8.284392179557507e-01 9.407387202138772e-01
8.284395874245180e-01 9.444245375342877e-01
8.284399568936143e-01 9.477963130398863e-01
8.284403263630399e-01 9.508861422448116e-01
8.284406958327953e-01 9.537225573479147e-01
8.284410653028809e-01 9.563308858671294e-01
8.284414347732953e-01 9.587335878244626e-01
8.284418042440393e-01 9.609506544266371e-01
8.284421737151129e-01 9.629998490025843e-01
8.284425431865167e-01 9.648969671672456e-01
8.284429126582492e-01 9.666560955938421e-01
8.284432821303115e-01 9.682898273141477e-01
8.284436516027033e-01 9.698093787451495e-01
8.284440210754247e-01 9.712248103836989e-01
8.284443905484762e-01 9.725451446445235e-01
8.284447600218567e-01 9.737784786537680e-01
8.284451294955666e-01 9.749320767653473e-01
8.284454989696062e-01 9.760146291125403e-01
8.284458684439759e-01 9.770275248658995e-01
8.284462379186747e-01 9.779785125148943e-01
8.284466073937030e-01 9.788724105833640e-01
8.284469768690607e-01 9.797136102521967e-01
8.284473463447481e-01 9.805060762411855e-01
8.284477158207658e-01 9.812534286810455e-01
8.284480852971122e-01 9.819589709639895e-01
8.284484547737884e-01 9.826257180935610e-01
8.284488242507940e-01 9.832563979964586e-01
8.284491937281299e-01 9.838535374093880e-01
8.284495632057947e-01 9.844194236160260e-01
8.284499326837890e-01 9.849561753923450e-01
8.284503021621128e-01 9.854657317424684e-01
8.284506716407668e-01 9.859498682722743e-01
8.284510411197499e-01 9.864102330159766e-01
8.284514105990625e-01 9.868483365016469e-01
8.284517800787047e-01 9.872655804843572e-01
8.284521495586763e-01 9.876632629039974e-01
8.284525190389782e-01 9.880425589851413e-01
8.284528885196091e-01 9.884045778270325e-01
8.284532580005696e-01 9.887503381266949e-01
8.284536274818596e-01 9.890807945472236e-01
8.284539969634798e-01 9.893968199403200e-01
8.284543664454289e-01 9.896992391775280e-01
8.284547359277076e-01 9.899888169667308e-01
8.284551054103159e-01 9.902662594990745e-01
8.284554748932544e-01 9.905322364114396e-01
8.284558443765218e-01 9.907873751164887e-01
8.284562138601188e-01 9.910322375988995e-01
8.284565833440454e-01 9.912977029057357e-01
8.284569528283015e-01 9.915220453174127e-01
8.284573223128879e-01 9.917377258817660e-01
8.284576917978032e-01 9.919451805109656e-01
8.284580612830480e-01 9.921448189025946e-01
8.284584307686225e-01 9.923370258645220e-01
8.284588002545271e-01 9.925221626460763e-01
8.284591697407607e-01 9.927005696617529e-01
8.284595392273238e-01 9.928725821671859e-01
8.284599087142165e-01 9.930384793657193e-01
8.284602782014395e-01 9.931985472409709e-01
8.284606476889914e-01 9.933530531038253e-01
8.284610171768729e-01 9.935022515759795e-01
8.284613866650840e-01 9.936463845658546e-01
8.284617561536246e-01 9.937856826344642e-01
8.284621256424954e-01 9.939203598843381e-01
8.284624951316951e-01 9.940506222696320e-01
8.284628646212245e-01 9.941766624886238e-01
8.284632341110835e-01 9.942986701526382e-01
8.284636036012727e-01 9.944167947311704e-01
8.284639730917909e-01 9.945311941482036e-01
8.284643425826385e-01 9.946420208861089e-01
8.284647120738157e-01 9.947494182710972e-01
8.284650815653234e-01 9.948535278752220e-01
8.284654510571596e-01 9.949544802443431e-01
8.284658205493257e-01 9.950524018384186e-01
8.284661900418213e-01 9.951474108548238e-01
8.284665595346464e-01 9.952396278799245e-01
8.284669290278019e-01 9.953291721788258e-01
8.284672985212864e-01 9.954161306351501e-01
8.284676680151002e-01 9.955005999186365e-01
8.284680375092438e-01 9.955826753604218e-01
8.284684070037176e-01 9.956624430681984e-01
8.284687764985202e-01 9.957399910486109e-01
8.284691459936526e-01 9.958153976131746e-01
8.284695154891144e-01 9.958887434301774e-01
8.284698849849065e-01 9.959600999293501e-01
8.284702544810276e-01 9.960295404284876e-01
8.284706239774783e-01 9.960971489457061e-01
8.284709934742586e-01 9.961629717266930e-01
8.284713629713684e-01 9.962270687244096e-01
8.284717324688085e-01 9.962895003804529e-01
8.284721019665774e-01 9.963503232165374e-01
8.284724714646760e-01 9.964095907603051e-01
8.284728409631043e-01 9.964673547035930e-01
8.284732104618626e-01 9.965236653651277e-01
8.284735799609501e-01 9.965785696010663e-01
8.284739494603670e-01 9.966321168365475e-01
8.284743189601135e-01 9.966843648671753e-01
8.284746884601905e-01 9.967353392481488e-01
8.284750579605962e-01 9.967850792377317e-01
8.284754274613315e-01 9.968336231783738e-01
8.284757969623965e-01 9.968810087281155e-01
8.284761664637910e-01 9.969272719315124e-01
8.284765359655158e-01 9.969724490758408e-01
8.284769054675696e-01 9.970165701909404e-01
8.284772749699528e-01 9.970596701904798e-01
8.284776444726658e-01 9.971017819079976e-01
8.284780139757090e-01 9.971429511868700e-01
8.284783834790811e-01 9.971831885902560e-01
8.284787529827828e-01 9.972225202419962e-01
8.284791224868142e-01 9.972609720403941e-01
8.284794919911758e-01 9.972985675681225e-01
8.284798614958663e-01 9.973353320391445e-01
8.284802310008864e-01 9.973712867255590e-01
8.284806005062362e-01 9.974064529045534e-01
8.284809700119155e-01 9.974408523227026e-01
8.284813395179250e-01 9.974745076603655e-01
8.284817090242635e-01 9.975074566989418e-01
8.284820785309317e-01 9.975397012264275e-01
8.284824480379295e-01 9.975712606847059e-01
8.284828175452574e-01 9.976021573068363e-01
8.284831870529145e-01 9.976324107749180e-01
8.284835565609010e-01 9.976620417038607e-01
8.284839260692171e-01 9.976910730351518e-01
8.284842955778636e-01 9.977195237649705e-01
8.284846650868390e-01 9.977474133573171e-01
8.284850345961439e-01 9.977747608147177e-01
8.284854041057785e-01 9.978016011726881e-01
8.284857736157427e-01 9.978279269558679e-01
8.284861431260372e-01 9.978537490430432e-01
8.284865126366606e-01 9.978790771532213e-01
8.284868821476136e-01 9.979039186837169e-01
8.284872516588961e-01 9.979282808009554e-01
8.284876211705090e-01 9.979521704404105e-01
8.284879906824509e-01 9.979755931447447e-01
8.284883601947224e-01 9.979985565490870e-01
8.284887297073235e-01 9.980210685222828e-01
8.284890992202540e-01 9.980431566863878e-01
8.284894687335150e-01 9.980648066056760e-01
8.284898382471050e-01 9.980860261526974e-01
8.284902077610246e-01 9.981068222716775e-01
8.284905772752736e-01 9.981272020241652e-01
8.284909467898530e-01 9.981471727052149e-01
8.284913163047615e-01 9.981667419595813e-01
8.284916858199993e-01 9.981859194085816e-01
8.284920553355669e-01 9.982047160692187e-01
8.284924248514648e-01 9.982231454001497e-01
8.284927943676916e-01 9.982412454980840e-01
8.284931638842481e-01 9.982590173910143e-01
8.284935334011341e-01 9.982764841881203e-01
8.284939029183498e-01 9.982936702788783e-01
8.284942724358958e-01 9.983106001709148e-01
8.284946419537706e-01 9.983272923302595e-01
8.284950114719751e-01 9.983437598781216e-01
8.284953809905093e-01 9.983600062901089e-01
8.284957505093737e-01 9.983760281848550e-01
8.284961200285671e-01 9.983918171831189e-01
8.284964895480902e-01 9.984073816423963e-01
8.284968590679427e-01 9.984226874962903e-01
8.284972285881256e-01 9.984377256666910e-01
8.284975981086374e-01 9.984524881212692e-01
8.284979676294790e-01 9.984669742666041e-01
8.284983371506501e-01 9.984811840906629e-01
8.284987066721508e-01 9.984951209526061e-01
8.284990761939818e-01 9.985087920479845e-01
8.284994457161418e-01 9.985222032942842e-01
8.284998152386314e-01 9.985353618882082e-01
