# G & A Technical Software, Inc.  (GATS) Spectral Calculator
# http://www.spectralcalc.com
# Date: Thu Feb 23 10:21:14 2023
# Line list: hitran2020
#
# Cell Number: 1
# Pressure (mb) = 616.6
# Temperature (K) = 262.7
# Length (cm) = 100000
# Gas               Isotope Id            Volume Mixing Ratio   
#  H2O              0  All Isotopes       0.00216              
#
# Bandpass Starting Wavelength (microns) = 0.828100192399899
# Bandpass Ending Wavelength (microns) = 0.828499807414283
# Number of Spectral Points = 1039
# Mean Transmittance = 0.971744730297721
#
#   Wavelength (microns)   Transmittance
8.281001923998993e-01 9.871339911525663e-01
8.281005771999483e-01 9.874293246277245e-01
8.281009620003557e-01 9.878307943544458e-01
8.281013468011200e-01 9.883168779213919e-01
8.281017316022427e-01 9.888639594944819e-01
8.281021164037229e-01 9.894486444316682e-01
8.281025012055602e-01 9.900496643122161e-01
8.281028860077556e-01 9.906490804098005e-01
8.281032708103080e-01 9.912328286583374e-01
8.281036556132189e-01 9.917907148966988e-01
8.281040404164871e-01 9.923160211902867e-01
8.281044252201124e-01 9.928049377790358e-01
8.281048100240960e-01 9.932559485816478e-01
8.281051948284373e-01 9.936691882024411e-01
8.281055796331355e-01 9.940459364361723e-01
8.281059644381918e-01 9.943881955439506e-01
8.281063492436054e-01 9.946983768506896e-01
8.281067340493771e-01 9.949790546048466e-01
8.281071188555064e-01 9.952328291713587e-01
8.281075036619927e-01 9.954622071882091e-01
8.281078884688372e-01 9.956695553535200e-01
8.281082732760389e-01 9.958570500846002e-01
8.281086580835986e-01 9.960267000454122e-01
8.281090428915161e-01 9.961803145228393e-01
8.281094276997905e-01 9.963195196466651e-01
8.281098125084232e-01 9.964457663484276e-01
8.281101973174136e-01 9.965603511516753e-01
8.281105821267608e-01 9.966644249619728e-01
8.281109669364665e-01 9.967590111875038e-01
8.281113517465291e-01 9.968450183338563e-01
8.281117365569499e-01 9.969232519361502e-01
8.281121213677284e-01 9.969944232687726e-01
8.281125061788639e-01 9.970591824517592e-01
8.281128909903577e-01 9.971181070088310e-01
8.281132758022083e-01 9.971717171313665e-01
8.281136606144174e-01 9.972204835263682e-01
8.281140454269841e-01 9.972648382920997e-01
8.281144302399076e-01 9.973051793003167e-01
8.281148150531896e-01 9.973419711838509e-01
8.281151998668290e-01 9.973753649569262e-01
8.281155846808256e-01 9.974057894328453e-01
8.281159694951804e-01 9.974335269674428e-01
8.281163543098923e-01 9.974588395342786e-01
8.281167391249624e-01 9.974819431681735e-01
8.281171239403902e-01 9.975030016835743e-01
8.281175087561748e-01 9.975221431549787e-01
8.281178935723179e-01 9.975394246074133e-01
8.281182783888179e-01 9.975549130677240e-01
8.281186632056761e-01 9.975686539762354e-01
8.281190480228922e-01 9.975806930173938e-01
8.281194328404650e-01 9.975910814611973e-01
8.281198176583962e-01 9.975998763949433e-01
8.281202024766852e-01 9.976071507103651e-01
8.281205872953309e-01 9.976129810249025e-01
8.281209721143350e-01 9.976174402478706e-01
8.281213569336962e-01 9.976205924692353e-01
8.281217417534156e-01 9.976224992300335e-01
8.281221265734927e-01 9.976232146437229e-01
8.281225113939268e-01 9.976227886473279e-01
8.281228962147191e-01 9.976212716463755e-01
8.281232810358684e-01 9.976187049910062e-01
8.281236658573762e-01 9.976151253888299e-01
8.281240506792414e-01 9.976105697823652e-01
8.281244355014636e-01 9.976050755809402e-01
8.281248203240443e-01 9.975986729953630e-01
8.281252051469825e-01 9.975913875928060e-01
8.281255899702777e-01 9.975832426194062e-01
8.281259747939312e-01 9.975742571420190e-01
8.281263596179418e-01 9.975657009690947e-01
8.281267444423107e-01 9.975550196756905e-01
8.281271292670371e-01 9.975435481199637e-01
8.281275140921207e-01 9.975312909742976e-01
8.281278989175624e-01 9.975182224875915e-01
8.281282837433612e-01 9.975044237468433e-01
8.281286685695184e-01 9.974898678418024e-01
8.281290533960330e-01 9.974745578247751e-01
8.281294382229049e-01 9.974584965173587e-01
8.281298230501348e-01 9.974416862782025e-01
8.281302078777226e-01 9.974241262162571e-01
8.281305927056672e-01 9.974058149777751e-01
8.281309775339702e-01 9.973867493530288e-01
8.281313623626303e-01 9.973669235798526e-01
8.281317471916486e-01 9.973463286472920e-01
8.281321320210246e-01 9.973249657640512e-01
8.281325168507576e-01 9.973028268524029e-01
8.281329016808490e-01 9.972799036049441e-01
8.281332865112971e-01 9.972561865559182e-01
8.281336713421039e-01 9.972316657779827e-01
8.281340561732682e-01 9.972063278640014e-01
8.281344410047894e-01 9.971801617319348e-01
8.281348258366691e-01 9.971531514274340e-01
8.281352106689063e-01 9.971252791427124e-01
8.281355955015005e-01 9.970965240561769e-01
8.281359803344532e-01 9.970668730118276e-01
8.281363651677627e-01 9.970363103040836e-01
8.281367500014306e-01 9.970048134999067e-01
8.281371348354561e-01 9.969723620286932e-01
8.281375196698388e-01 9.969389281295772e-01
8.281379045045797e-01 9.969044898510269e-01
8.281382893396776e-01 9.968690201413123e-01
8.281386741751339e-01 9.968324887064112e-01
8.281390590109478e-01 9.967948650280016e-01
8.281394438471187e-01 9.967561093128968e-01
8.281398286836478e-01 9.967161922208592e-01
8.281402135205348e-01 9.966750793151207e-01
8.281405983577786e-01 9.966327359367946e-01
8.281409831953809e-01 9.965891153714843e-01
8.281413680333402e-01 9.965441762543907e-01
8.281417528716577e-01 9.964978686487671e-01
8.281421377103330e-01 9.964501419366730e-01
8.281425225493653e-01 9.964009422679254e-01
8.281429073887558e-01 9.963502114017562e-01
8.281432922285035e-01 9.962978804456266e-01
8.281436770686094e-01 9.962438925907318e-01
8.281440619090730e-01 9.961881771321264e-01
8.281444467498935e-01 9.961306559677386e-01
8.281448315910725e-01 9.960712468486578e-01
8.281452164326092e-01 9.960098601352473e-01
8.281456012745027e-01 9.959463967141218e-01
8.281459861167548e-01 9.958807531042775e-01
8.281463709593637e-01 9.958128152006083e-01
8.281467558023310e-01 9.957424610620689e-01
8.281471406456560e-01 9.956695511807170e-01
8.281475254893380e-01 9.955939563080143e-01
8.281479103333784e-01 9.955155287129640e-01
8.281482951777758e-01 9.954341123910408e-01
8.281486800225315e-01 9.953495495609957e-01
8.281490648676448e-01 9.952616778897604e-01
8.281494497131153e-01 9.951703485727765e-01
8.281498345589441e-01 9.950754189192369e-01
8.281502194051297e-01 9.949767773737899e-01
8.281506042516740e-01 9.948743611102613e-01
8.281509890985755e-01 9.947681504512081e-01
8.281513739458345e-01 9.946582276695832e-01
8.281517587934516e-01 9.945447695213563e-01
8.281521436414264e-01 9.944280606159025e-01
8.281525284897583e-01 9.943085002900818e-01
8.281529133384485e-01 9.941865830847665e-01
8.281532981874957e-01 9.940628690494128e-01
8.281536830369013e-01 9.939379110246134e-01
8.281540678866646e-01 9.938121870720862e-01
8.281544527367848e-01 9.936860357355455e-01
8.281548375872635e-01 9.935595733100012e-01
8.281552224380990e-01 9.934326764032617e-01
8.281556072892930e-01 9.933049473982930e-01
8.281559921408449e-01 9.931757349807804e-01
8.281563769927535e-01 9.930442235583139e-01
8.281567618450205e-01 9.929094680606628e-01
8.281571466976454e-01 9.927704846625985e-01
8.281575315506271e-01 9.926263016928407e-01
8.281579164039673e-01 9.924760289957366e-01
8.281583012576644e-01 9.923188643920178e-01
8.281586861117199e-01 9.921540959749131e-01
8.281590709661332e-01 9.919811205680432e-01
8.281594558209034e-01 9.917993864150539e-01
8.281598406760321e-01 9.916084005706001e-01
8.281602255315176e-01 9.913798385448981e-01
8.281606103873617e-01 9.911673632591060e-01
8.281609952435632e-01 9.909440895112167e-01
8.281613801001220e-01 9.907094710175268e-01
8.281617649570391e-01 9.904629264208199e-01
8.281621498143138e-01 9.902038071248634e-01
8.281625346719457e-01 9.899313725678366e-01
8.281629195299358e-01 9.896448024238323e-01
8.281633043882830e-01 9.893431784013855e-01
8.281636892469886e-01 9.890254743922723e-01
8.281640741060519e-01 9.886905577225553e-01
8.281644589654721e-01 9.883372576338311e-01
8.281648438252508e-01 9.879644364131757e-01
8.281652286853863e-01 9.875711468355274e-01
8.281656135458804e-01 9.871567781810273e-01
8.281659984067323e-01 9.867211825161168e-01
8.281663832679410e-01 9.862646250789129e-01
8.281667681295081e-01 9.857875372702026e-01
8.281671529914331e-01 9.852901050882762e-01
8.281675378537149e-01 9.847716093475651e-01
8.281679227163552e-01 9.842301879662703e-01
8.281683075793524e-01 9.836627249014634e-01
8.281686924427082e-01 9.830651245030139e-01
8.281690773064215e-01 9.824328636261372e-01
8.281694621704919e-01 9.817613958735790e-01
8.281698470349207e-01 9.810464147518383e-01
8.281702318997065e-01 9.802838675161717e-01
8.281706167648508e-01 9.794698230287363e-01
8.281710016303527e-01 9.786002838037691e-01
8.281713864962116e-01 9.776709409285522e-01
8.281717713624290e-01 9.766770380645237e-01
8.281721562290039e-01 9.756109508098952e-01
8.281725410959360e-01 9.744710228636942e-01
8.281729259632264e-01 9.732485006874586e-01
8.281733108308740e-01 9.719358777558709e-01
8.281736956988799e-01 9.705247372352935e-01
8.281740805672434e-01 9.690056586781838e-01
8.281744654359641e-01 9.673681064770940e-01
8.281748503050431e-01 9.656002793821651e-01
8.281752351744791e-01 9.636889296395156e-01
8.281756200442735e-01 9.616191676798305e-01
8.281760049144258e-01 9.593743613143120e-01
8.281763897849348e-01 9.569357731594463e-01
8.281767746558024e-01 9.542823591309556e-01
8.281771595270278e-01 9.513905226621049e-01
8.281775443986100e-01 9.482338079868918e-01
8.281779292705508e-01 9.447825843735722e-01
8.281783141428486e-01 9.410038012622900e-01
8.281786990155047e-01 9.368606696325347e-01
8.281790838885186e-01 9.323125447295398e-01
8.281794687618895e-01 9.273147618772773e-01
8.281798536356189e-01 9.218189128860049e-01
8.281802385097051e-01 9.157731790218738e-01
8.281806233841500e-01 9.091235214672941e-01
8.281810082589525e-01 9.018152094730335e-01
8.281813931341119e-01 8.937955950061577e-01
8.281817780096299e-01 8.850183194270663e-01
8.281821628855054e-01 8.754488234402011e-01
8.281825477617382e-01 8.650723236225987e-01
8.281829326383292e-01 8.539033936530438e-01
8.281833175152774e-01 8.419976744929395e-01
8.281837023925839e-01 8.294644955594913e-01
8.281840872702482e-01 8.164788468500361e-01
8.281844721482695e-01 8.032906820231025e-01
8.281848570266492e-01 7.902280905350654e-01
8.281852419053860e-01 7.776918533577164e-01
8.281856267844812e-01 7.661373551413105e-01
8.281860116639340e-01 7.560450428751876e-01
8.281863965437439e-01 7.478794658772303e-01
8.281867814239122e-01 7.420388991763299e-01
8.281871663044383e-01 7.388313788773526e-01
8.281875511853214e-01 7.384331644932991e-01
8.281879360665629e-01 7.408661449631204e-01
8.281883209481615e-01 7.459973416730723e-01
8.281887058301185e-01 7.535480895060487e-01
8.281890907124332e-01 7.631464202983902e-01
8.281894755951050e-01 7.743404666022827e-01
8.281898604781351e-01 7.866496561701352e-01
8.281902453615223e-01 7.996080552864161e-01
8.281906302452681e-01 8.127973452229251e-01
8.281910151293714e-01 8.258680078651952e-01
8.281914000138317e-01 8.385483197022119e-01
8.281917848986508e-01 8.506430132717775e-01
8.281921697838273e-01 8.620255083826179e-01
8.281925546693608e-01 8.726264999587708e-01
8.281929395552530e-01 8.824210684747167e-01
8.281933244415021e-01 8.914170150548464e-01
8.281937093281095e-01 8.996441213445503e-01
8.281940942150748e-01 9.071461878539870e-01
8.281944791023972e-01 9.139744902908887e-01
8.281948639900779e-01 9.201835629168271e-01
8.281952488781157e-01 9.258278599949297e-01
8.281956337665120e-01 9.309599281318717e-01
8.281960186552658e-01 9.356291960014628e-01
8.281964035443768e-01 9.398813961752430e-01
8.281967884338461e-01 9.437583340927225e-01
8.281971733236735e-01 9.472977940506835e-01
8.281975582138577e-01 9.505338097692140e-01
8.281979431044003e-01 9.534969433315911e-01
8.281983279953000e-01 9.562143849233917e-01
8.281987128865582e-01 9.587104193886318e-01
8.281990977781740e-01 9.610065692642589e-01
8.281994826701471e-01 9.631219629159274e-01
8.281998675624784e-01 9.650734527346563e-01
8.282002524551669e-01 9.668760094208876e-01
8.282006373482138e-01 9.685430253793077e-01
8.282010222416184e-01 9.700867692930392e-01
8.282014071353799e-01 9.715188087583102e-01
8.282017920295002e-01 9.728504386429019e-01
8.282021769239780e-01 9.740924896336878e-01
8.282025618188129e-01 9.752547341081524e-01
8.282029467140063e-01 9.763474432374536e-01
8.282033316095566e-01 9.773721334226303e-01
8.282037165054655e-01 9.783352703397383e-01
8.282041014017321e-01 9.792401884129196e-01
8.282044862983559e-01 9.800897073532242e-01
8.282048711953379e-01 9.808870396772834e-01
8.282052560926771e-01 9.816357411572751e-01
8.282056409903747e-01 9.823395456040477e-01
8.282060258884301e-01 9.830020505736550e-01
8.282064107868425e-01 9.836265521536721e-01
8.282067956856134e-01 9.842160168789351e-01
8.282071805847412e-01 9.847730676012936e-01
8.282075654842277e-01 9.853000668530264e-01
8.282079503840717e-01 9.857991281764590e-01
8.282083352842730e-01 9.862721726729922e-01
8.282087201848326e-01 9.867209463445270e-01
8.282091050857500e-01 9.871470256435538e-01
8.282094899870245e-01 9.875518829161511e-01
8.282098748886574e-01 9.879368609939473e-01
8.282102597906474e-01 9.883032103753233e-01
8.282106446929959e-01 9.886520593282937e-01
8.282110295957020e-01 9.889844641081795e-01
8.282114144987652e-01 9.893013883728371e-01
8.282117994021870e-01 9.896037360449577e-01
8.282121843059658e-01 9.898923381677470e-01
8.282125692101030e-01 9.901679526707053e-01
8.282129541145981e-01 9.904312743038591e-01
8.282133390194500e-01 9.906829778226540e-01
8.282137239246605e-01 9.909236791171211e-01
8.282141088302289e-01 9.911539489109528e-01
8.282144937361542e-01 9.914025813940049e-01
8.282148786424380e-01 9.916120345784397e-01
8.282152635490789e-01 9.918126007429555e-01
8.282156484560783e-01 9.920046957650446e-01
8.282160333634354e-01 9.921886806300766e-01
8.282164182711496e-01 9.923649260419818e-01
8.282168031792222e-01 9.925337158054773e-01
8.282171880876519e-01 9.926953484236505e-01
8.282175729964402e-01 9.928500991768365e-01
8.282179579055859e-01 9.929982048245790e-01
8.282183428150890e-01 9.931398778955496e-01
8.282187277249505e-01 9.932753043425047e-01
8.282191126351697e-01 9.934046448989414e-01
8.282194975457461e-01 9.935280359769720e-01
8.282198824566809e-01 9.936455864040963e-01
8.282202673679728e-01 9.937573820269677e-01
8.282206522796232e-01 9.938634574616035e-01
8.282210371916312e-01 9.939638539187360e-01
8.282214221039964e-01 9.940585969859147e-01
8.282218070167201e-01 9.941476669901399e-01
8.282221919298007e-01 9.942310313855662e-01
8.282225768432399e-01 9.943086303961746e-01
8.282229617570370e-01 9.943803987708245e-01
8.282233466711910e-01 9.944462657848543e-01
8.282237315857035e-01 9.945061709877141e-01
8.282241165005739e-01 9.945600901450832e-01
8.282245014158012e-01 9.946080315459643e-01
8.282248863313870e-01 9.946501203078917e-01
8.282252712473300e-01 9.946866345262557e-01
8.282256561636314e-01 9.947180127020875e-01
8.282260410802906e-01 9.947449223039014e-01
8.282264259973069e-01 9.947682972935495e-01
8.282268109146816e-01 9.947893770376511e-01
8.282271958324134e-01 9.948096947279317e-01
8.282275807505038e-01 9.948310449632390e-01
8.282279656689518e-01 9.948554096585154e-01
8.282283505877570e-01 9.948847876202472e-01
8.282287355069208e-01 9.949210584202168e-01
8.282291204264420e-01 9.949658286679017e-01
8.282295053463207e-01 9.950201823411177e-01
8.282298902665576e-01 9.950845769685183e-01
8.282302751871518e-01 9.951587865029172e-01
8.282306601081043e-01 9.952419126642589e-01
8.282310450294147e-01 9.953324930634446e-01
8.282314299510821e-01 9.954286862635957e-01
8.282318148731080e-01 9.955284675842405e-01
8.282321997954911e-01 9.956298166899418e-01
8.282325847182325e-01 9.957309095012160e-01
8.282329696413319e-01 9.958302685261442e-01
8.282333545647882e-01 9.959267278027520e-01
8.282337394886030e-01 9.960194683293787e-01
8.282341244127758e-01 9.961079871807850e-01
8.282345093373055e-01 9.961920413122414e-01
8.282348942621937e-01 9.962715889987741e-01
8.282352791874391e-01 9.963467409741191e-01
8.282356641130428e-01 9.964177066634704e-01
8.282360490390045e-01 9.964847431690436e-01
8.282364339653232e-01 9.965481316098370e-01
8.282368188920004e-01 9.966082219029000e-01
8.282372038190347e-01 9.966653118728304e-01
8.282375887464275e-01 9.967196637032841e-01
8.282379736741781e-01 9.967715013662709e-01
8.282383586022857e-01 9.968210043393202e-01
8.282387435307519e-01 9.968683115352096e-01
8.282391284595757e-01 9.969135301089482e-01
8.282395133887568e-01 9.969567528570643e-01
8.282398983182964e-01 9.969980556589818e-01
8.282402832481931e-01 9.970374995611169e-01
8.282406681784482e-01 9.970752661158875e-01
8.282410531090612e-01 9.971115195005039e-01
8.282414380400313e-01 9.971464585162669e-01
8.282418229713597e-01 9.971803089303244e-01
8.282422079030455e-01 9.972133093146083e-01
8.282425928350895e-01 9.972456855048684e-01
8.282429777674915e-01 9.972776259840148e-01
8.282433627002505e-01 9.973092665495384e-01
8.282437476333679e-01 9.973406345737806e-01
8.282441325668434e-01 9.973716677963520e-01
8.282445175006758e-01 9.974023545746469e-01
8.282449024348667e-01 9.974325810825153e-01
8.282452873694148e-01 9.974622274423253e-01
8.282456723043213e-01 9.974911758533034e-01
8.282460572395858e-01 9.975193400887383e-01
8.282464421752073e-01 9.975466596947060e-01
8.282468271111872e-01 9.975731067298955e-01
8.282472120475243e-01 9.975986804280522e-01
8.282475969842199e-01 9.976233937295028e-01
8.282479819212732e-01 9.976472038302286e-01
8.282483668586837e-01 9.976702251836077e-01
8.282487517964529e-01 9.976924976894734e-01
8.282491367345797e-01 9.977140607883779e-01
8.282495216730635e-01 9.977349532289483e-01
8.282499066119060e-01 9.977552095829237e-01
8.282502915511055e-01 9.977748634968655e-01
8.282506764906635e-01 9.977939421162464e-01
8.282510614305794e-01 9.978124718926810e-01
8.282514463708525e-01 9.978304755634784e-01
8.282518313114839e-01 9.978478871185499e-01
8.282522162524726e-01 9.978648096829593e-01
8.282526011938196e-01 9.978812646068529e-01
8.282529861355246e-01 9.978972711513950e-01
8.282533710775867e-01 9.979128490442990e-01
8.282537560200071e-01 9.979280203385631e-01
8.282541409627856e-01 9.979428110390218e-01
8.282545259059210e-01 9.979572485466387e-01
8.282549108494149e-01 9.979714796965394e-01
8.282552957932662e-01 9.979852974457194e-01
8.282556807374758e-01 9.979988330630544e-01
8.282560656820432e-01 9.980121204627581e-01
8.282564506269678e-01 9.980251865899297e-01
8.282568355722509e-01 9.980380477020422e-01
8.282572205178912e-01 9.980507242403230e-01
8.282576054638899e-01 9.980632021387631e-01
8.282579904102464e-01 9.980754874318547e-01
8.282583753569600e-01 9.980875730247276e-01
8.282587603040323e-01 9.980994457801942e-01
8.282591452514623e-01 9.981110523569561e-01
8.282595301992494e-01 9.981224972065991e-01
8.282599151473952e-01 9.981336954989722e-01
8.282603000958979e-01 9.981446239859086e-01
8.282606850447591e-01 9.981552725490936e-01
8.282610699939782e-01 9.981656338588543e-01
8.282614549435545e-01 9.981757022122979e-01
8.282618398934893e-01 9.981854720227619e-01
8.282622248437813e-01 9.981949387494756e-01
8.282626097944317e-01 9.982040964572952e-01
8.282629947454400e-01 9.982129396759720e-01
8.282633796968054e-01 9.982215052351694e-01
8.282637646485292e-01 9.982297729073304e-01
8.282641496006102e-01 9.982377385014862e-01
8.282645345530499e-01 9.982454393141550e-01
8.282649195058471e-01 9.982529271697300e-01
8.282653044590017e-01 9.982602705127496e-01
8.282656894125148e-01 9.982675345358712e-01
8.282660743663857e-01 9.982747671177269e-01
8.282664593206137e-01 9.982819812737478e-01
8.282668442752003e-01 9.982891539927352e-01
8.282672292301440e-01 9.982962667952949e-01
8.282676141854461e-01 9.983032332141045e-01
8.282679991411062e-01 9.983099710795615e-01
8.282683840971233e-01 9.983164305289446e-01
8.282687690534991e-01 9.983225819207369e-01
8.282691540102319e-01 9.983284115351977e-01
8.282695389673232e-01 9.983339161124918e-01
8.282699239247726e-01 9.983390947174662e-01
8.282703088825789e-01 9.983439561779606e-01
8.282706938407437e-01 9.983484914239427e-01
8.282710787992665e-01 9.983527305528668e-01
8.282714637581463e-01 9.983566531055343e-01
8.282718487173848e-01 9.983602124722183e-01
8.282722336769803e-01 9.983634035351430e-01
8.282726186369344e-01 9.983661888662865e-01
8.282730035972463e-01 9.983685319674790e-01
8.282733885579154e-01 9.983703889023251e-01
8.282737735189430e-01 9.983717099234837e-01
8.282741584803277e-01 9.983724465626472e-01
8.282745434420711e-01 9.983725606964381e-01
8.282749284041721e-01 9.983720689449330e-01
8.282753133666304e-01 9.983710023412837e-01
8.282756983294471e-01 9.983694196974326e-01
8.282760832926218e-01 9.983674568831639e-01
8.282764682561536e-01 9.983652708044766e-01
8.282768532200440e-01 9.983629900074010e-01
8.282772381842916e-01 9.983606543575816e-01
8.282776231488975e-01 9.983581849391755e-01
8.282780081138613e-01 9.983553812669914e-01
8.282783930791825e-01 9.983519509255682e-01
8.282787780448621e-01 9.983475893009512e-01
8.282791630108987e-01 9.983419882999720e-01
8.282795479772939e-01 9.983348364698985e-01
8.282799329440471e-01 9.983258974516764e-01
8.282803179111573e-01 9.983149668637938e-01
8.282807028786261e-01 9.983018650991925e-01
8.282810878464528e-01 9.982864324465708e-01
8.282814728146366e-01 9.982685383897665e-01
8.282818577831790e-01 9.982481070589068e-01
8.282822427520785e-01 9.982251524386306e-01
8.282826277213365e-01 9.981998499412926e-01
8.282830126909525e-01 9.981725674103566e-01
8.282833976609256e-01 9.981438843774624e-01
8.282837826312572e-01 9.981147146109027e-01
8.282841676019459e-01 9.980863234893643e-01
8.282845525729934e-01 9.980601278762863e-01
8.282849375443986e-01 9.980377586290259e-01
8.282853225161608e-01 9.980207875871279e-01
8.282857074882818e-01 9.980105268856281e-01
8.282860924607605e-01 9.980078416511806e-01
8.282864774335964e-01 9.980130092700057e-01
8.282868624067908e-01 9.980256708508913e-01
8.282872473803425e-01 9.980448302527609e-01
8.282876323542527e-01 9.980691064595881e-01
8.282880173285208e-01 9.980969042705762e-01
8.282884023031460e-01 9.981266120906502e-01
8.282887872781297e-01 9.981568383529660e-01
8.282891722534708e-01 9.981863988669579e-01
8.282895572291701e-01 9.982144392158475e-01
8.282899422052276e-01 9.982404138955495e-01
8.282903271816420e-01 9.982640318630183e-01
8.282907121584150e-01 9.982852132269766e-01
8.282910971355461e-01 9.983039311021904e-01
8.282914821130340e-01 9.983202768150322e-01
8.282918670908808e-01 9.983343827413779e-01
8.282922520690846e-01 9.983463952270164e-01
8.282926370476470e-01 9.983564609872626e-01
8.282930220265672e-01 9.983647239659339e-01
8.282934070058448e-01 9.983713274245679e-01
8.282937919854807e-01 9.983764127776454e-01
8.282941769654738e-01 9.983801652673873e-01
8.282945619458256e-01 9.983828043154208e-01
8.282949469265352e-01 9.983844976288281e-01
8.282953319076019e-01 9.983854928832880e-01
8.282957168890273e-01 9.983860651870143e-01
8.282961018708104e-01 9.983865062702281e-01
8.282964868529508e-01 9.983871032147767e-01
8.282968718354496e-01 9.983881113731058e-01
8.282972568183059e-01 9.983897349587942e-01
8.282976418015205e-01 9.983920999661375e-01
8.282980267850930e-01 9.983952441746676e-01
8.282984117690229e-01 9.983991670106013e-01
8.282987967533111e-01 9.984036858865768e-01
8.282991817379566e-01 9.984086208865366e-01
8.282995667229607e-01 9.984137647773633e-01
8.282999517083226e-01 9.984189069512229e-01
8.283003366940416e-01 9.984238586475711e-01
8.283007216801193e-01 9.984284630660929e-01
8.283011066665549e-01 9.984326011795354e-01
8.283014916533475e-01 9.984361911538744e-01
8.283018766404988e-01 9.984390871100093e-01
8.283022616280074e-01 9.984415038421043e-01
8.283026466158744e-01 9.984432986111974e-01
8.283030316040993e-01 9.984444735061505e-01
8.283034165926815e-01 9.984450515391672e-01
8.283038015816221e-01 9.984450576995851e-01
8.283041865709200e-01 9.984445227894674e-01
8.283045715605765e-01 9.984434798201726e-01
8.283049565505908e-01 9.984419640121769e-01
8.283053415409622e-01 9.984400091916444e-01
8.283057265316924e-01 9.984376460467814e-01
8.283061115227804e-01 9.984349468774888e-01
8.283064965142255e-01 9.984318861152822e-01
8.283068815060294e-01 9.984284605089807e-01
8.283072664981902e-01 9.984246579742192e-01
8.283076514907097e-01 9.984204537580076e-01
8.283080364835871e-01 9.984158095092235e-01
8.283084214768217e-01 9.984106757198982e-01
8.283088064704148e-01 9.984049942827626e-01
8.283091914643653e-01 9.983987037220728e-01
8.283095764586742e-01 9.983917345449397e-01
8.283099614533410e-01 9.983840607306810e-01
8.283103464483651e-01 9.983755775757210e-01
8.283107314437476e-01 9.983662026970760e-01
8.283111164394882e-01 9.983558681288722e-01
8.283115014355857e-01 9.983445114893773e-01
8.283118864320420e-01 9.983320850465789e-01
8.283122714288556e-01 9.983185646667557e-01
8.283126564260276e-01 9.983039610864023e-01
8.283130414235574e-01 9.982883730204917e-01
8.283134264214447e-01 9.982718397955255e-01
8.283138114196904e-01 9.982546605884691e-01
8.283141964182934e-01 9.982370923731635e-01
8.283145814172549e-01 9.982194474211075e-01
8.283149664165742e-01 9.982021050327561e-01
8.283153514162508e-01 9.981854249601093e-01
8.283157364162861e-01 9.981696927950552e-01
8.283161214166792e-01 9.981550710573304e-01
8.283165064174294e-01 9.981415659728878e-01
8.283168914185384e-01 9.981290200487680e-01
8.283172764200044e-01 9.981171490330353e-01
8.283176614218291e-01 9.981056339468670e-01
8.283180464240116e-01 9.980940979625321e-01
8.283184314265515e-01 9.980822176020039e-01
8.283188164294498e-01 9.980697814106413e-01
8.283192014327054e-01 9.980566403386182e-01
8.283195864363195e-01 9.980426968163081e-01
8.283199714402917e-01 9.980278500281270e-01
8.283203564446210e-01 9.980119543197918e-01
8.283207414493088e-01 9.979948001492844e-01
8.283211264543539e-01 9.979761257124017e-01
8.283215114597575e-01 9.979556520365148e-01
8.283218964655190e-01 9.979330304758788e-01
8.283222814716379e-01 9.979079008116839e-01
8.283226664781153e-01 9.978799289003957e-01
8.283230514849506e-01 9.978488117906502e-01
8.283234364921431e-01 9.978142514755797e-01
8.283238214996942e-01 9.977760266865501e-01
8.283242065076025e-01 9.977339866155045e-01
8.283245915158695e-01 9.976881024759906e-01
8.283249765244942e-01 9.976385262456084e-01
8.283253615334762e-01 9.975856891007074e-01
8.283257465428170e-01 9.975303319903435e-01
8.283261315525148e-01 9.974735687038476e-01
8.283265165625712e-01 9.974169795681038e-01
8.283269015729856e-01 9.973625662586474e-01
8.283272865837572e-01 9.973126465189963e-01
8.283276715948873e-01 9.972696730434183e-01
8.283280566063755e-01 9.972359540321103e-01
8.283284416182207e-01 9.972134098493400e-01
8.283288266304246e-01 9.972033531758290e-01
8.283292116429859e-01 9.972062756234599e-01
8.283295966559056e-01 9.972217533386671e-01
8.283299816691833e-01 9.972484676015988e-01
8.283303666828181e-01 9.972845364166706e-01
8.283307516968116e-01 9.973276603071615e-01
8.283311367111622e-01 9.973753891077595e-01
8.283315217258717e-01 9.974253860696923e-01
8.283319067409387e-01 9.974756152260907e-01
8.283322917563632e-01 9.975244431662457e-01
8.283326767721463e-01 9.975706672474021e-01
8.283330617882873e-01 9.976135066630775e-01
8.283334468047855e-01 9.976525217277549e-01
8.283338318216423e-01 9.976874845784962e-01
8.283342168388564e-01 9.977183996674577e-01
8.283346018564290e-01 9.977453990325290e-01
8.283349868743596e-01 9.977686932942522e-01
8.283353718926475e-01 9.977885317001676e-01
8.283357569112939e-01 9.978051767975770e-01
8.283361419302975e-01 9.978188876988825e-01
8.283365269496596e-01 9.978299131035726e-01
8.283369119693800e-01 9.978385066240920e-01
8.283372969894572e-01 9.978449263149556e-01
8.283376820098933e-01 9.978493721702396e-01
8.283380670306874e-01 9.978520976361547e-01
8.283384520518384e-01 9.978533719700140e-01
8.283388370733482e-01 9.978534758219062e-01
8.283392220952154e-01 9.978526817153186e-01
8.283396071174409e-01 9.978512219827105e-01
8.283399921400245e-01 9.978492587932493e-01
8.283403771629654e-01 9.978468709095464e-01
8.283407621862648e-01 9.978440622842382e-01
8.283411472099214e-01 9.978408010919523e-01
8.283415322339368e-01 9.978369465469431e-01
8.283419172583100e-01 9.978324094429133e-01
8.283423022830404e-01 9.978271224149994e-01
8.283426873081295e-01 9.978210506266240e-01
8.283430723335764e-01 9.978141936274694e-01
8.283434573593808e-01 9.978065502721247e-01
8.283438423855436e-01 9.977981456690034e-01
8.283442274120637e-01 9.977889991195581e-01
8.283446124389424e-01 9.977791515313802e-01
8.283449974661791e-01 9.977686424181167e-01
8.283453824937730e-01 9.977574464790443e-01
8.283457675217255e-01 9.977455869678609e-01
8.283461525500354e-01 9.977331059550446e-01
8.283465375787036e-01 9.977200808197560e-01
8.283469226077300e-01 9.977066265701574e-01
8.283473076371135e-01 9.976928907299607e-01
8.283476926668557e-01 9.976790391660282e-01
8.283480776969560e-01 9.976652265863394e-01
8.283484627274134e-01 9.976515252295546e-01
8.283488477582293e-01 9.976380061689876e-01
8.283492327894026e-01 9.976245458255606e-01
8.283496178209345e-01 9.976110162136909e-01
8.283500028528243e-01 9.975972645017317e-01
8.283503878850714e-01 9.975831585384124e-01
8.283507729176771e-01 9.975685905680148e-01
8.283511579506401e-01 9.975535034745716e-01
8.283515429839617e-01 9.975378724301024e-01
8.283519280176412e-01 9.975216986214526e-01
8.283523130516780e-01 9.975049976357626e-01
8.283526980860735e-01 9.974878192001058e-01
8.283530831208268e-01 9.974701519593191e-01
8.283534681559374e-01 9.974520087124428e-01
8.283538531914066e-01 9.974333997037175e-01
8.283542382272332e-01 9.974143314616257e-01
8.283546232634184e-01 9.973948081925520e-01
8.283550082999614e-01 9.973748289943530e-01
8.283553933368618e-01 9.973543906434377e-01
8.283557783741208e-01 9.973335834976655e-01
8.283561634117370e-01 9.973122016144201e-01
8.283565484497120e-01 9.972904173229000e-01
8.283569334880447e-01 9.972681461306626e-01
8.283573185267348e-01 9.972453544029034e-01
8.283577035657834e-01 9.972220184925822e-01
8.283580886051902e-01 9.971981047720753e-01
8.283584736449541e-01 9.971735726527776e-01
8.283588586850766e-01 9.971483585666815e-01
8.283592437255565e-01 9.971223882741396e-01
8.283596287663950e-01 9.970955510966163e-01
8.283600138075914e-01 9.970676725289020e-01
8.283603988491451e-01 9.970384587677058e-01
8.283607838910575e-01 9.970074939464069e-01
8.283611689333270e-01 9.969740932237918e-01
8.283615539759553e-01 9.969371900320151e-01
8.283619390189415e-01 9.968954415513113e-01
8.283623240622849e-01 9.968473225862751e-01
8.283627091059871e-01 9.967919261477032e-01
8.283630941500472e-01 9.967300410920167e-01
8.283634791944644e-01 9.966651526836441e-01
8.283638642392405e-01 9.966034339817736e-01
8.283642492843737e-01 9.965520178366816e-01
8.283646343298655e-01 9.965161260952660e-01
8.283650193757154e-01 9.964965229612829e-01
8.283654044219225e-01 9.964891161442855e-01
8.283657894684883e-01 9.964869626000687e-01
8.283661745154114e-01 9.964832763890951e-01
8.283665595626931e-01 9.964736080384925e-01
8.283669446103327e-01 9.964563601307113e-01
8.283673296583297e-01 9.964319954350362e-01
8.283677147066851e-01 9.964018976142097e-01
8.283680997553988e-01 9.963675256757389e-01
8.283684848044696e-01 9.963300696351078e-01
8.283688698538990e-01 9.962903964683171e-01
8.283692549036857e-01 9.962491308692618e-01
8.283696399538312e-01 9.962067285806431e-01
8.283700250043344e-01 9.961635629349592e-01
8.283704100551952e-01 9.961199339134804e-01
8.283707951064144e-01 9.960760642175799e-01
8.283711801579910e-01 9.960320941828247e-01
8.283715652099263e-01 9.959880722890501e-01
8.283719502622194e-01 9.959439410355074e-01
8.283723353148699e-01 9.958995729051320e-01
8.283727203678791e-01 9.958547778000206e-01
8.283731054212462e-01 9.958093369068908e-01
8.283734904749704e-01 9.957630231070406e-01
8.283738755290536e-01 9.957156334366315e-01
8.283742605834938e-01 9.956669927921911e-01
8.283746456382929e-01 9.956169618075593e-01
8.283750306934498e-01 9.955654308202426e-01
8.283754157489641e-01 9.955123346998240e-01
8.283758008048370e-01 9.954576106547426e-01
8.283761858610672e-01 9.954012167734749e-01
8.283765709176560e-01 9.953431264575814e-01
8.283769559746028e-01 9.952833108061554e-01
8.283773410319070e-01 9.952217339826386e-01
8.283777260895697e-01 9.951583597052340e-01
8.283781111475897e-01 9.950931484674442e-01
8.283784962059685e-01 9.950260556864482e-01
8.283788812647052e-01 9.949570238292891e-01
8.283792663237991e-01 9.948859926105167e-01
8.283796513832518e-01 9.948128874132052e-01
8.283800364430624e-01 9.947376378240478e-01
8.283804215032303e-01 9.946601503060127e-01
8.283808065637569e-01 9.945803355342964e-01
8.283811916246409e-01 9.944980903358805e-01
8.283815766858834e-01 9.944133078849058e-01
8.283819617474839e-01 9.943258656683845e-01
8.283823468094417e-01 9.942356435522374e-01
8.283827318717583e-01 9.941425251723699e-01
8.283831169344320e-01 9.940463933074345e-01
8.283835019974645e-01 9.939471386767709e-01
8.283838870608550e-01 9.938446779889886e-01
8.283842721246026e-01 9.937389585591385e-01
8.283846571887090e-01 9.936299832802209e-01
8.283850422531736e-01 9.935178184584974e-01
8.283854273179951e-01 9.934026127427732e-01
8.283858123831755e-01 9.932846090992176e-01
8.283861974487132e-01 9.931641572365429e-01
8.283865825146095e-01 9.930416890251880e-01
8.283869675808638e-01 9.929176948573470e-01
8.283873526474755e-01 9.927926893915839e-01
8.283877377144457e-01 9.926671204684271e-01
8.283881227817733e-01 9.925413275516528e-01
8.283885078494597e-01 9.924154918851830e-01
8.283888929175038e-01 9.922895709788018e-01
8.283892779859054e-01 9.921632992120480e-01
8.283896630546657e-01 9.920361967538083e-01
8.283900481237839e-01 9.919076491476996e-01
8.283904331932594e-01 9.917769134097681e-01
8.283908182630937e-01 9.916432247949202e-01
8.283912033332853e-01 9.915058430020377e-01
8.283915884038354e-01 9.913640844973226e-01
8.283919734747437e-01 9.912173557360775e-01
8.283923585460092e-01 9.910651595874416e-01
8.283927436176334e-01 9.909070934436158e-01
8.283931286896148e-01 9.907428159532421e-01
8.283935137619550e-01 9.905720645219133e-01
8.283938988346533e-01 9.903946008437217e-01
8.283942839077086e-01 9.902102090521204e-01
8.283946689811228e-01 9.900186901828956e-01
8.283950540548951e-01 9.898198354395455e-01
8.283954391290245e-01 9.896134391215978e-01
8.283958242035127e-01 9.893992562507573e-01
8.283962092783582e-01 9.891770431661266e-01
8.283965943535624e-01 9.889465160966165e-01
8.283969794291245e-01 9.887073779335607e-01
8.283973645050440e-01 9.884593017021717e-01
8.283977495813222e-01 9.882019333886408e-01
8.283981346579575e-01 9.879348956881457e-01
8.283985197349518e-01 9.876577770346671e-01
8.283989048123040e-01 9.873701362876490e-01
8.283992898900134e-01 9.870715175296200e-01
8.283996749680816e-01 9.867614032704870e-01
8.284000600465078e-01 9.864392577803168e-01
8.284004451252913e-01 9.861044987144050e-01
8.284008302044334e-01 9.857565248066276e-01
8.284012152839331e-01 9.853946765214124e-01
8.284016003637913e-01 9.850182527635082e-01
8.284019854440074e-01 9.846264936365580e-01
8.284023705245810e-01 9.842186219237972e-01
8.284027556055132e-01 9.837376360155869e-01
8.284031406868029e-01 9.832917805655347e-01
8.284035257684509e-01 9.828268556664684e-01
8.284039108504573e-01 9.823417907098503e-01
8.284042959328208e-01 9.818354782158645e-01
8.284046810155431e-01 9.813066919173113e-01
8.284050660986234e-01 9.807541311961450e-01
8.284054511820610e-01 9.801763923950165e-01
8.284058362658573e-01 9.795719475818810e-01
8.284062213500110e-01 9.789391854585154e-01
8.284066064345232e-01 9.782763246318966e-01
8.284069915193936e-01 9.775814638911480e-01
8.284073766046213e-01 9.768525377658717e-01
8.284077616902077e-01 9.760873105798771e-01
8.284081467761513e-01 9.752833652281240e-01
8.284085318624538e-01 9.744380812845016e-01
8.284089169491142e-01 9.735486551247665e-01
8.284093020361318e-01 9.726120168942838e-01
8.284096871235085e-01 9.716248242246449e-01
8.284100722112427e-01 9.705834870517239e-01
8.284104572993346e-01 9.694840698415548e-01
8.284108423877851e-01 9.683222959119613e-01
8.284112274765930e-01 9.670935018201003e-01
8.284116125657595e-01 9.657925765241373e-01
8.284119976552841e-01 9.644139628664936e-01
8.284123827451660e-01 9.629515523205867e-01
8.284127678354066e-01 9.613986695081569e-01
8.284131529260046e-01 9.597479687913352e-01
8.284135380169612e-01 9.579914441289289e-01
8.284139231082759e-01 9.561201985000193e-01
8.284143081999478e-01 9.541245311245573e-01
8.284146932919785e-01 9.519890685107700e-01
8.284150783843673e-01 9.497105584059772e-01
8.284154634771133e-01 9.472718424396083e-01
8.284158485702181e-01 9.446582419436769e-01
8.284162336636802e-01 9.418536054462058e-01
8.284166187575011e-01 9.388399984296281e-01
8.284170038516799e-01 9.355974158400425e-01
8.284173889462162e-01 9.321035896235229e-01
8.284177740411111e-01 9.283337473909313e-01
8.284181591363632e-01 9.242603313843192e-01
8.284185442319744e-01 9.198526948918114e-01
8.284189293279433e-01 9.150767908910042e-01
8.284193144242695e-01 9.098948080064798e-01
8.284196995209547e-01 9.042649020163974e-01
8.284200846179978e-01 8.981407786556276e-01
8.284204697153982e-01 8.914716702453542e-01
8.284208548131574e-01 8.842017714420095e-01
8.284212399112738e-01 8.762706132261033e-01
8.284216250097490e-01 8.676130945665839e-01
8.284220101085823e-01 8.581602476871144e-01
8.284223952077729e-01 8.478403190211664e-01
8.284227803073222e-01 8.365809776171036e-01
8.284231654072289e-01 8.243120522656474e-01
8.284235505074943e-01 8.109704371889151e-01
8.284239356081177e-01 7.965063100571218e-01
8.284243207090984e-01 7.808913182450139e-01
8.284247058104378e-01 7.641294371510807e-01
8.284250909121355e-01 7.462699168704680e-01
8.284254760141903e-01 7.274215604715879e-01
8.284258611166039e-01 7.077671293832218e-01
8.284262462193749e-01 6.875759751070383e-01
8.284266313225045e-01 6.672114649675005e-01
8.284270164259923e-01 6.471305175560205e-01
8.284274015298373e-01 6.278720500583581e-01
8.284277866340412e-01 6.100328205143751e-01
8.284281717386022e-01 5.942313640774072e-01
8.284285568435221e-01 5.810630013572352e-01
8.284289419488000e-01 5.710530136727527e-01
8.284293270544353e-01 5.646027671518535e-01
8.284297121604294e-01 5.620019177715918e-01
8.284300972667814e-01 5.633607597893922e-01
8.284304823734907e-01 5.686202806220596e-01
8.284308674805589e-01 5.775504083312968e-01
8.284312525879843e-01 5.897771371055667e-01
8.284316376957686e-01 6.048121891508758e-01
8.284320228039108e-01 6.220773020424425e-01
8.284324079124105e-01 6.409560707232366e-01
8.284327930212688e-01 6.608405361240266e-01
8.284331781304847e-01 6.811702585706780e-01
8.284335632400591e-01 7.014607960119120e-01
8.284339483499915e-01 7.213188013175591e-01
8.284343334602815e-01 7.404457375284714e-01
8.284347185709301e-01 7.586328337861167e-01
8.284351036819360e-01 7.757494527391720e-01
8.284354887933006e-01 7.917291951844134e-01
8.284358739050234e-01 8.065553547247793e-01
8.284362590171035e-01 8.202472640346011e-01
8.284366441295423e-01 8.328490939440244e-01
8.284370292423393e-01 8.444205799641838e-01
8.284374143554936e-01 8.550301857341808e-01
8.284377994690065e-01 8.647499386872163e-01
8.284381845828770e-01 8.736520753050426e-01
8.284385696971062e-01 8.818066147421588e-01
8.284389548116933e-01 8.892798915439688e-01
8.284393399266378e-01 8.961340105249499e-01
8.284397250419411e-01 9.024261104685516e-01
8.284401101576017e-01 9.082085371803272e-01
8.284404952736211e-01 9.135290032527129e-01
8.284408803899986e-01 9.184306516952941e-01
8.284412655067334e-01 9.229524519850307e-01
8.284416506238269e-01 9.271295560989642e-01
8.284420357412787e-01 9.309936178258729e-01
8.284424208590876e-01 9.345730337086866e-01
8.284428059772554e-01 9.378933940702460e-01
8.284431910957806e-01 9.409777065903112e-01
8.284435762146644e-01 9.438466368816272e-01
8.284439613339063e-01 9.465188073803444e-01
8.284443464535056e-01 9.490110384344221e-01
8.284447315734637e-01 9.513383852779925e-01
8.284451166937791e-01 9.535187744987101e-01
8.284455018144533e-01 9.555555452898052e-01
8.284458869354854e-01 9.574646598222349e-01
8.284462720568750e-01 9.592561781338842e-01
8.284466571786234e-01 9.609392241288783e-01
8.284470423007299e-01 9.625221330099286e-01
8.284474274231938e-01 9.640124376416753e-01
8.284478125460163e-01 9.654170332115671e-01
8.284481976691963e-01 9.667421831146761e-01
8.284485827927349e-01 9.679936237343433e-01
8.284489679166317e-01 9.691765701967455e-01
8.284493530408858e-01 9.702958442872245e-01
8.284497381654988e-01 9.713558503194424e-01
8.284501232904690e-01 9.723605931947360e-01
8.284505084157980e-01 9.733137642731232e-01
8.284508935414853e-01 9.742187792697015e-01
8.284512786675297e-01 9.750787713640301e-01
8.284516637939329e-01 9.758966137061391e-01
8.284520489206944e-01 9.766749769099857e-01
8.284524340478130e-01 9.774163233565071e-01
8.284528191752905e-01 9.781229271866341e-01
8.284532043031253e-01 9.787968927440742e-01
8.284535894313190e-01 9.794401860225368e-01
8.284539745598706e-01 9.800546061268278e-01
8.284543596887798e-01 9.806418279782326e-01
8.284547448180476e-01 9.812034105527512e-01
8.284551299476728e-01 9.817408052303821e-01
8.284555150776568e-01 9.822553642439371e-01
8.284559002079989e-01 9.827483455560295e-01
8.284562853386983e-01 9.832209269623847e-01
8.284566704697565e-01 9.837312997553912e-01
8.284570556011728e-01 9.841632904931694e-01
8.284574407329465e-01 9.845781842535639e-01
8.284578258650790e-01 9.849768307214500e-01
8.284582109975689e-01 9.853600598017599e-01
8.284585961304175e-01 9.857286428825536e-01
8.284589812636242e-01 9.860833128019234e-01
8.284593663971883e-01 9.864247535595096e-01
8.284597515311112e-01 9.867535900214834e-01
8.284601366653914e-01 9.870704438088430e-01
8.284605218000304e-01 9.873758817158538e-01
8.284609069350275e-01 9.876704321091428e-01
8.284612920703820e-01 9.879546326515961e-01
8.284616772060952e-01 9.882289529461641e-01
8.284620623421667e-01 9.884938431800593e-01
8.284624474785954e-01 9.887497368147593e-01
8.284628326153829e-01 9.889970376267275e-01
8.284632177525278e-01 9.892361196318055e-01
8.284636028900316e-01 9.894673325441711e-01
8.284639880278933e-01 9.896910044827245e-01
8.284643731661125e-01 9.899074548263700e-01
8.284647583046906e-01 9.901169831141580e-01
8.284651434436259e-01 9.903198948261160e-01
8.284655285829201e-01 9.905164543210698e-01
8.284659137225723e-01 9.907069179926629e-01
8.284662988625818e-01 9.908915323992002e-01
8.284666840029504e-01 9.910705351619177e-01
8.284670691436767e-01 9.912441457108566e-01
8.284674542847608e-01 9.914125827990812e-01
8.284678394262034e-01 9.915760432501608e-01
8.284682245680035e-01 9.917347231725543e-01
8.284686097101625e-01 9.918888050163810e-01
8.284689948526793e-01 9.920384788035240e-01
8.284693799955538e-01 9.921839060870130e-01
8.284697651387869e-01 9.923252328607541e-01
8.284701502823776e-01 9.924626112629414e-01
8.284705354263269e-01 9.925961857077257e-01
8.284709205706343e-01 9.927260937986465e-01
8.284713057152990e-01 9.928524663187576e-01
8.284716908603227e-01 9.929754295332637e-01
8.284720760057046e-01 9.930951033323546e-01
8.284724611514436e-01 9.932116007606261e-01
8.284728462975416e-01 9.933250506742954e-01
8.284732314439970e-01 9.934355519485352e-01
8.284736165908111e-01 9.935431938140902e-01
8.284740017379832e-01 9.936480715811653e-01
8.284743868855130e-01 9.937502796987101e-01
8.284747720334014e-01 9.938499057349689e-01
8.284751571816471e-01 9.939470308344267e-01
8.284755423302519e-01 9.940417417475291e-01
8.284759274792146e-01 9.941341141657730e-01
8.284763126285347e-01 9.942242238259139e-01
8.284766977782138e-01 9.943121576205092e-01
8.284770829282507e-01 9.943979839656432e-01
8.284774680786452e-01 9.944817574221667e-01
8.284778532293984e-01 9.945635399925209e-01
8.284782383805092e-01 9.946433932487547e-01
8.284786235319785e-01 9.947213778679145e-01
8.284790086838061e-01 9.947975476084049e-01
8.284793938359912e-01 9.948719571819111e-01
8.284797789885350e-01 9.949446576196956e-01
8.284801641414362e-01 9.950156967336571e-01
8.284805492946962e-01 9.950851357957474e-01
8.284809344483143e-01 9.951530226643184e-01
8.284813196022899e-01 9.952193885346230e-01
8.284817047566241e-01 9.952842757405611e-01
8.284820899113167e-01 9.953477270973652e-01
8.284824750663664e-01 9.954097882187426e-01
8.284828602217751e-01 9.954704977825196e-01
8.284832453775413e-01 9.955298995810108e-01
8.284836305336661e-01 9.955880332498521e-01
8.284840156901491e-01 9.956449412207413e-01
8.284844008469896e-01 9.957006719673319e-01
8.284847860041888e-01 9.957552721237317e-01
8.284851711617454e-01 9.958087544874796e-01
8.284855563196609e-01 9.958611504120568e-01
8.284859414779345e-01 9.959124917249645e-01
8.284863266365654e-01 9.959627982054073e-01
8.284867117955553e-01 9.960120928865166e-01
8.284870969549033e-01 9.960603969538391e-01
8.284874821146085e-01 9.961077281211926e-01
8.284878672746728e-01 9.961541027170642e-01
8.284882524350944e-01 9.961995442661137e-01
8.284886375958748e-01 9.962440865060558e-01
8.284890227570133e-01 9.962877216611885e-01
8.284894079185092e-01 9.963304677062975e-01
8.284897930803640e-01 9.963723400698408e-01
8.284901782425762e-01 9.964133551131966e-01
8.284905634051473e-01 9.964535280426733e-01
8.284909485680764e-01 9.964928777814344e-01
8.284913337313630e-01 9.965314200093978e-01
8.284917188950083e-01 9.965691780679617e-01
8.284921040590117e-01 9.966061783204915e-01
8.284924892233726e-01 9.966424684845488e-01
8.284928743880924e-01 9.966780610135522e-01
8.284932595531695e-01 9.967129927310517e-01
8.284936447186055e-01 9.967473071972612e-01
8.284940298843997e-01 9.967810451946312e-01
8.284944150505513e-01 9.968142456554800e-01
8.284948002170617e-01 9.968469398590489e-01
8.284951853839295e-01 9.968791465558773e-01
8.284955705511561e-01 9.969108738225432e-01
8.284959557187409e-01 9.969421185956622e-01
8.284963408866830e-01 9.969728952216071e-01
8.284967260549841e-01 9.970031595517124e-01
8.284971112236424e-01 9.970328955216189e-01
8.284974963926598e-01 9.970620910123735e-01
8.284978815620353e-01 9.970907415655328e-01
8.284982667317681e-01 9.971188429551949e-01
8.284986519018597e-01 9.971464004747057e-01
8.284990370723097e-01 9.971734219727946e-01
8.284994222431168e-01 9.971999187826002e-01
8.284998074142829e-01 9.972259013105718e-01
