# G & A Technical Software, Inc.  (GATS) Spectral Calculator
# http://www.spectralcalc.com
# Date: Thu Feb 23 10:20:20 2023
# Line list: hitran2020
#
# Cell Number: 1
# Pressure (mb) = 795
# Temperature (K) = 275.2
# Length (cm) = 100000
# Gas               Isotope Id            Volume Mixing Ratio   
#  H2O              0  All Isotopes       0.00463              
#
# Bandpass Starting Wavelength (microns) = 0.828100209762304
# Bandpass Ending Wavelength (microns) = 0.828499790035094
# Number of Spectral Points = 953
# Mean Transmittance = 0.934860757459891
#
#   Wavelength (microns)   Transmittance
8.281002097623039e-01 9.714522016668323e-01
8.281006292872618e-01 9.717595508811362e-01
8.281010488126453e-01 9.722692551143189e-01
8.281014683384534e-01 9.729567353417355e-01
8.281018878646865e-01 9.737910447672942e-01
8.281023073913447e-01 9.747379144849134e-01
8.281027269184287e-01 9.757625584654085e-01
8.281031464459371e-01 9.768321938168003e-01
8.281035659738704e-01 9.779177157842134e-01
8.281039855022289e-01 9.789948304125228e-01
8.281044050310131e-01 9.800443761120785e-01
8.281048245602217e-01 9.810520923178279e-01
8.281052440898554e-01 9.820082666883694e-01
8.281056636199142e-01 9.829069190794807e-01
8.281060831503987e-01 9.837451267078131e-01
8.281065026813077e-01 9.845222494553005e-01
8.281069222126418e-01 9.852393618476473e-01
8.281073417444008e-01 9.858986980680295e-01
8.281077612765858e-01 9.865032358084841e-01
8.281081808091950e-01 9.870563642016622e-01
8.281086003422294e-01 9.875616799219121e-01
8.281090198756889e-01 9.880227006433064e-01
8.281094394095740e-01 9.884430500142256e-01
8.281098589438836e-01 9.888261026728706e-01
8.281102784786184e-01 9.891750201187637e-01
8.281106980137782e-01 9.894927316187281e-01
8.281111175493630e-01 9.897819503202541e-01
8.281115370853738e-01 9.900451453280221e-01
8.281119566218087e-01 9.902845692429643e-01
8.281123761586688e-01 9.905022803584945e-01
8.281127956959542e-01 9.907001382534724e-01
8.281132152336652e-01 9.908797524210505e-01
8.281136347718007e-01 9.910427539827961e-01
8.281140543103610e-01 9.911908794224430e-01
8.281144738493467e-01 9.913247960293106e-01
8.281148933887581e-01 9.914460594325322e-01
8.281153129285939e-01 9.915557888326186e-01
8.281157324688547e-01 9.916550313970008e-01
8.281161520095407e-01 9.917447242337853e-01
8.281165715506524e-01 9.918257164099786e-01
8.281169910921887e-01 9.918987328054418e-01
8.281174106341500e-01 9.919642899311621e-01
8.281178301765363e-01 9.920229360238564e-01
8.281182497193486e-01 9.920751050338353e-01
8.281186692625850e-01 9.921209973675369e-01
8.281190888062467e-01 9.921609050685498e-01
8.281195083503335e-01 9.921950427190024e-01
8.281199278948453e-01 9.922236361228368e-01
8.281203474397830e-01 9.922469001163923e-01
8.281207669851451e-01 9.922650644303372e-01
8.281211865309324e-01 9.922783602794345e-01
8.281216060771446e-01 9.922869140750344e-01
8.281220256237828e-01 9.922909946200780e-01
8.281224451708451e-01 9.922907889982809e-01
8.281228647183327e-01 9.922864640193444e-01
8.281232842662456e-01 9.922781796117941e-01
8.281237038145840e-01 9.922660878924965e-01
8.281241233633470e-01 9.922503276163990e-01
8.281245429125349e-01 9.922310260202862e-01
8.281249624621482e-01 9.922082974329729e-01
8.281253820121870e-01 9.921822446586048e-01
8.281258015626505e-01 9.921528808952653e-01
8.281262211135388e-01 9.921203478065184e-01
8.281266406648524e-01 9.920847233160663e-01
8.281270602165919e-01 9.920459615612611e-01
8.281274797687557e-01 9.920079071644954e-01
8.281278993213447e-01 9.919631120374724e-01
8.281283188743586e-01 9.919154145230907e-01
8.281287384277985e-01 9.918648427526084e-01
8.281291579816628e-01 9.918114091739416e-01
8.281295775359522e-01 9.917551271809031e-01
8.281299970906667e-01 9.916959335311117e-01
8.281304166458062e-01 9.916338850817026e-01
8.281308362013716e-01 9.915689879098083e-01
8.281312557573616e-01 9.915012278007305e-01
8.281316753137765e-01 9.914305933385462e-01
8.281320948706166e-01 9.913570592865849e-01
8.281325144278826e-01 9.912805958251261e-01
8.281329339855729e-01 9.912011731696382e-01
8.281333535436883e-01 9.911187532642134e-01
8.281337731022290e-01 9.910332953238804e-01
8.281341926611954e-01 9.909446866203212e-01
8.281346122205863e-01 9.908529243087956e-01
8.281350317804022e-01 9.907579649765423e-01
8.281354513406433e-01 9.906597468059672e-01
8.281358709013101e-01 9.905582061910457e-01
8.281362904624014e-01 9.904532602141697e-01
8.281367100239179e-01 9.903448343288328e-01
8.281371295858595e-01 9.902328420688625e-01
8.281375491482269e-01 9.901171915129151e-01
8.281379687110187e-01 9.899977862129895e-01
8.281383882742358e-01 9.898744542150379e-01
8.281388078378780e-01 9.897471361531707e-01
8.281392274019459e-01 9.896157238929393e-01
8.281396469664382e-01 9.894800762331585e-01
8.281400665313556e-01 9.893400898813303e-01
8.281404860966983e-01 9.891956063849546e-01
8.281409056624660e-01 9.890464582338664e-01
8.281413252286596e-01 9.888925075558460e-01
8.281417447952777e-01 9.887335595430107e-01
8.281421643623209e-01 9.885694361601852e-01
8.281425839297891e-01 9.883998712016027e-01
8.281430034976834e-01 9.882247119366941e-01
8.281434230660021e-01 9.880437368243583e-01
8.281438426347457e-01 9.878567347082259e-01
8.281442622039146e-01 9.876634413516336e-01
8.281446817735093e-01 9.874635836478447e-01
8.281451013435285e-01 9.872568778080482e-01
8.281455209139726e-01 9.870430165223751e-01
8.281459404848421e-01 9.868216726831092e-01
8.281463600561374e-01 9.865925122947584e-01
8.281467796278571e-01 9.863551017283048e-01
8.281471992000019e-01 9.861091227754979e-01
8.281476187725719e-01 9.858541934989354e-01
8.281480383455677e-01 9.855899381071419e-01
8.281484579189881e-01 9.853159640414173e-01
8.281488774928335e-01 9.850318904763988e-01
8.281492970671042e-01 9.847373639342771e-01
8.281497166418006e-01 9.844320683687822e-01
8.281501362169214e-01 9.841157563068206e-01
8.281505557924674e-01 9.837882634307148e-01
8.281509753684386e-01 9.834494690806271e-01
8.281513949448349e-01 9.830994637489068e-01
8.281518145216571e-01 9.827384773184092e-01
8.281522340989037e-01 9.823668367042313e-01
8.281526536765755e-01 9.819849692985438e-01
8.281530732546724e-01 9.815933807953393e-01
8.281534928331953e-01 9.811925398472874e-01
8.281539124121425e-01 9.807828287688883e-01
8.281543319915149e-01 9.803644377648477e-01
8.281547515713125e-01 9.799372320689116e-01
8.281551711515358e-01 9.795007015652568e-01
8.281555907321837e-01 9.790539926585373e-01
8.281560103132567e-01 9.785958599143996e-01
8.281564298947549e-01 9.781246834958832e-01
8.281568494766789e-01 9.776386122907742e-01
8.281572690590274e-01 9.771355228843305e-01
8.281576886418009e-01 9.766132588987535e-01
8.281581082249998e-01 9.760696424022531e-01
8.281585278086246e-01 9.755024708034046e-01
8.281589473926737e-01 9.749096427462346e-01
8.281593669771480e-01 9.742890458549993e-01
8.281597865620475e-01 9.735564290973451e-01
8.281602061473728e-01 9.728695942779042e-01
8.281606257331225e-01 9.721486595410014e-01
8.281610453192975e-01 9.713915139142061e-01
8.281614649058977e-01 9.705959504677362e-01
8.281618844929228e-01 9.697595772799270e-01
8.281623040803739e-01 9.688798427037447e-01
8.281627236682496e-01 9.679539507054364e-01
8.281631432565505e-01 9.669788597649714e-01
8.281635628452764e-01 9.659512406895230e-01
8.281639824344282e-01 9.648675967806252e-01
8.281644020240045e-01 9.637244930439323e-01
8.281648216140060e-01 9.625184326010979e-01
8.281652412044327e-01 9.612464861734038e-01
8.281656607952851e-01 9.599063300792153e-01
8.281660803865621e-01 9.584964547948548e-01
8.281664999782642e-01 9.570159538645380e-01
8.281669195703916e-01 9.554638263402210e-01
8.281673391629448e-01 9.538378734738643e-01
8.281677587559225e-01 9.521336712194233e-01
8.281681783493252e-01 9.503441436360820e-01
8.281685979431533e-01 9.484593921033475e-01
8.281690175374073e-01 9.464674799555165e-01
8.281694371320857e-01 9.443553465367254e-01
8.281698567271892e-01 9.421097176237341e-01
8.281702763227180e-01 9.397174641482967e-01
8.281706959186727e-01 9.371656334085311e-01
8.281711155150516e-01 9.344411199048127e-01
8.281715351118559e-01 9.315301605740700e-01
8.281719547090854e-01 9.284178435314463e-01
8.281723743067401e-01 9.250880672226507e-01
8.281727939048206e-01 9.215230420201719e-01
8.281732135033256e-01 9.177030738226182e-01
8.281736331022559e-01 9.135983895286939e-01
8.281740527016112e-01 9.092000177991231e-01
8.281744723013925e-01 9.044744764946588e-01
8.281748919015983e-01 8.993925910608113e-01
8.281753115022291e-01 8.939226167860083e-01
8.281757311032854e-01 8.880298479450911e-01
8.281761507047674e-01 8.816763286980133e-01
8.281765703066739e-01 8.748210916156198e-01
8.281769899090055e-01 8.674199780584211e-01
8.281774095117624e-01 8.594257568666492e-01
8.281778291149452e-01 8.507885285692884e-01
8.281782487185525e-01 8.414560051532509e-01
8.281786683225848e-01 8.313747768186728e-01
8.281790879270425e-01 8.204913375051095e-01
8.281795075319262e-01 8.087543395248378e-01
8.281799271372341e-01 7.961168808793188e-01
8.281803467429674e-01 7.825407885587270e-01
8.281807663491259e-01 7.680007314619596e-01
8.281811859557101e-01 7.524907701156515e-01
8.281816055627189e-01 7.360312934453318e-01
8.281820251701529e-01 7.186776288810650e-01
8.281824447780122e-01 7.005290034572246e-01
8.281828643862965e-01 6.817370799912603e-01
8.281832839950068e-01 6.625145851197356e-01
8.281837036041417e-01 6.431392014767063e-01
8.281841232137017e-01 6.239543079210587e-01
8.281845428236869e-01 6.053629534530928e-01
8.281849624340981e-01 5.878146632683043e-01
8.281853820449337e-01 5.717853552974307e-01
8.281858016561945e-01 5.577508103482585e-01
8.281862212678806e-01 5.461569981940564e-01
8.281866408799925e-01 5.373917756574471e-01
8.281870604925289e-01 5.317577240097555e-01
8.281874801054905e-01 5.294535429535551e-01
8.281878997188774e-01 5.305612459547261e-01
8.281883193326901e-01 5.350415270623972e-01
8.281887389469273e-01 5.427354505912895e-01
8.281891585615898e-01 5.533750324126604e-01
8.281895781766775e-01 5.665999591257268e-01
8.281899977921912e-01 5.819811821215453e-01
8.281904174081292e-01 5.990499930583223e-01
8.281908370244926e-01 6.173274307905089e-01
8.281912566412811e-01 6.363520127445969e-01
8.281916762584955e-01 6.557025632878443e-01
8.281920958761344e-01 6.750136149463366e-01
8.281925154941986e-01 6.939840179655626e-01
8.281929351126880e-01 7.123788035516173e-01
8.281933547316025e-01 7.300253955906282e-01
8.281937743509429e-01 7.468071088460374e-01
8.281941939707080e-01 7.626543634008680e-01
8.281946135908983e-01 7.775356095637560e-01
8.281950332115137e-01 7.914483067651255e-01
8.281954528325551e-01 8.044117804213723e-01
8.281958724540210e-01 8.164603175068246e-01
8.281962920759121e-01 8.276381215004709e-01
8.281967116982284e-01 8.379953582272316e-01
8.281971313209706e-01 8.475848261795110e-01
8.281975509441374e-01 8.564602260269994e-01
8.281979705677294e-01 8.646741092072585e-01
8.281983901917466e-01 8.722771103170430e-01
8.281988098161897e-01 8.793170811882587e-01
8.281992294410574e-01 8.858389412838181e-01
8.281996490663502e-01 8.918840466718405e-01
8.282000686920683e-01 8.974903965381956e-01
8.282004883182125e-01 9.026928615897686e-01
8.282009079447810e-01 9.075237367093613e-01
8.282013275717748e-01 9.120133846910303e-01
8.282017471991938e-01 9.161916976698301e-01
8.282021668270387e-01 9.200949957840208e-01
8.282025864553081e-01 9.237380791983296e-01
8.282030060840029e-01 9.271544861555513e-01
8.282034257131228e-01 9.303653049687729e-01
8.282038453426679e-01 9.333867855418979e-01
8.282042649726390e-01 9.362295132669189e-01
8.282046846030346e-01 9.389020802469501e-01
8.282051042338555e-01 9.414127625458891e-01
8.282055238651017e-01 9.437708081404811e-01
8.282059434967737e-01 9.459865189235587e-01
8.282063631288702e-01 9.480705488467492e-01
8.282067827613919e-01 9.500330581502101e-01
8.282072023943390e-01 9.518834544233750e-01
8.282076220277119e-01 9.536301830406918e-01
8.282080416615095e-01 9.552808561296362e-01
8.282084612957321e-01 9.568422784858168e-01
8.282088809303801e-01 9.583206614672983e-01
8.282093005654541e-01 9.597216045977889e-01
8.282097202009526e-01 9.610501821604290e-01
8.282101398368762e-01 9.623110531655644e-01
8.282105594732252e-01 9.635086484688988e-01
8.282109791100002e-01 9.646468963797822e-01
8.282113987471995e-01 9.657294721614971e-01
8.282118183848242e-01 9.667597508804517e-01
8.282122380228741e-01 9.677408252578065e-01
8.282126576613500e-01 9.686755781470193e-01
8.282130773002503e-01 9.695666546181225e-01
8.282134969395760e-01 9.704165064545727e-01
8.282139165793269e-01 9.712273502892633e-01
8.282143362195029e-01 9.720012615270808e-01
8.282147558601050e-01 9.727402634645859e-01
8.282151755011317e-01 9.735300790815252e-01
8.282155951425836e-01 9.741999835768320e-01
8.282160147844608e-01 9.748402574510551e-01
8.282164344267638e-01 9.754523479168647e-01
8.282168540694915e-01 9.760375121555138e-01
8.282172737126443e-01 9.765969000138093e-01
8.282176933562225e-01 9.771316498112599e-01
8.282181130002265e-01 9.776426640104172e-01
8.282185326446553e-01 9.781308123839838e-01
8.282189522895090e-01 9.785970064416982e-01
8.282193719347882e-01 9.790419731858649e-01
8.282197915804933e-01 9.794663749098951e-01
8.282202112266230e-01 9.798708052500166e-01
8.282206308731780e-01 9.802557633431558e-01
8.282210505201580e-01 9.806217119737314e-01
8.282214701675643e-01 9.809690353796592e-01
8.282218898153949e-01 9.812981304169747e-01
8.282223094636509e-01 9.816093534795571e-01
8.282227291123322e-01 9.819030496243144e-01
8.282231487614393e-01 9.821795561460299e-01
8.282235684109710e-01 9.824392811898922e-01
8.282239880609280e-01 9.826827513677825e-01
8.282244077113103e-01 9.829106063313020e-01
8.282248273621178e-01 9.831236958599117e-01
8.282252470133512e-01 9.833231220979769e-01
8.282256666650093e-01 9.835103111133192e-01
8.282260863170926e-01 9.836870533478090e-01
8.282265059696012e-01 9.838555440756053e-01
8.282269256225357e-01 9.840183762293784e-01
8.282273452758949e-01 9.841784104055969e-01
8.282277649296792e-01 9.843387896331072e-01
8.282281845838889e-01 9.845027433520831e-01
8.282286042385245e-01 9.846734059727887e-01
8.282290238935847e-01 9.848535252819246e-01
8.282294435490701e-01 9.850452577465771e-01
8.282298632049808e-01 9.852499323759445e-01
8.282302828613175e-01 9.854679491171048e-01
8.282307025180788e-01 9.856987393833558e-01
8.282311221752654e-01 9.859408154116072e-01
8.282315418328772e-01 9.861918709607960e-01
8.282319614909150e-01 9.864491466429420e-01
8.282323811493774e-01 9.867096846092377e-01
8.282328008082650e-01 9.869705643868217e-01
8.282332204675780e-01 9.872291235411003e-01
8.282336401273168e-01 9.874830877167320e-01
8.282340597874802e-01 9.877306898910261e-01
8.282344794480690e-01 9.879706177555603e-01
8.282348991090831e-01 9.882020521118332e-01
8.282353187705223e-01 9.884245690379648e-01
8.282357384323877e-01 9.886379617645984e-01
8.282361580946774e-01 9.888423210588136e-01
8.282365777573927e-01 9.890379047385177e-01
8.282369974205331e-01 9.892250751738766e-01
8.282374170840995e-01 9.894042376212547e-01
8.282378367480906e-01 9.895758190324325e-01
8.282382564125067e-01 9.897402182645950e-01
8.282386760773484e-01 9.898978060256076e-01
8.282390957426159e-01 9.900489561737666e-01
8.282395154083081e-01 9.901940217179378e-01
8.282399350744254e-01 9.903332545370944e-01
8.282403547409681e-01 9.904669879345925e-01
8.282407744079368e-01 9.905955748644327e-01
8.282411940753301e-01 9.907194303685940e-01
8.282416137431488e-01 9.908390085267710e-01
8.282420334113926e-01 9.909548329156552e-01
8.282424530800625e-01 9.910673646401341e-01
8.282428727491569e-01 9.911771084371925e-01
8.282432924186766e-01 9.912845277502278e-01
8.282437120886217e-01 9.913899800627195e-01
8.282441317589919e-01 9.914936069481169e-01
8.282445514297881e-01 9.915954780173138e-01
8.282449711010091e-01 9.916955474710644e-01
8.282453907726554e-01 9.917936891413628e-01
8.282458104447268e-01 9.918897315565547e-01
8.282462301172244e-01 9.919834921051516e-01
8.282466497901464e-01 9.920748029048666e-01
8.282470694634938e-01 9.921635560907750e-01
8.282474891372665e-01 9.922497075420507e-01
8.282479088114653e-01 9.923332856913392e-01
8.282483284860885e-01 9.924142450606412e-01
8.282487481611370e-01 9.924926487866921e-01
8.282491678366110e-01 9.925685683660700e-01
8.282495875125108e-01 9.926420970614770e-01
8.282500071888353e-01 9.927133277188873e-01
8.282504268655850e-01 9.927823610865830e-01
8.282508465427602e-01 9.928492882470935e-01
8.282512662203613e-01 9.929142030956036e-01
8.282516858983870e-01 9.929772097371942e-01
8.282521055768380e-01 9.930384391352169e-01
8.282525252557142e-01 9.930979006718110e-01
8.282529449350167e-01 9.931556744994596e-01
8.282533646147435e-01 9.932118389482538e-01
8.282537842948958e-01 9.932664714491024e-01
8.282542039754733e-01 9.933196545454002e-01
8.282546236564762e-01 9.933714675668446e-01
8.282550433379050e-01 9.934219907908242e-01
8.282554630197585e-01 9.934713026658575e-01
8.282558827020373e-01 9.935198022727457e-01
8.282563023847413e-01 9.935669546506360e-01
8.282567220678715e-01 9.936130700705119e-01
8.282571417514262e-01 9.936581840163068e-01
8.282575614354062e-01 9.937023213387657e-01
8.282579811198116e-01 9.937455300334426e-01
8.282584008046430e-01 9.937877461169794e-01
8.282588204898990e-01 9.938288755168209e-01
8.282592401755802e-01 9.938691550547414e-01
8.282596598616868e-01 9.939084559619985e-01
8.282600795482195e-01 9.939467785852123e-01
8.282604992351766e-01 9.939841663199378e-01
8.282609189225592e-01 9.940205311139555e-01
8.282613386103671e-01 9.940558557278382e-01
8.282617582986009e-01 9.940901270891372e-01
8.282621779872595e-01 9.941233270347657e-01
8.282625976763434e-01 9.941554378655897e-01
8.282630173658526e-01 9.941864409578358e-01
8.282634370557878e-01 9.942163301892202e-01
8.282638567461476e-01 9.942451110150018e-01
8.282642764369327e-01 9.942728453801145e-01
8.282646961281431e-01 9.942996892302439e-01
8.282651158197789e-01 9.943256989815359e-01
8.282655355118407e-01 9.943510704305050e-01
8.282659552043271e-01 9.943759993951747e-01
8.282663748972390e-01 9.944006502263494e-01
8.282667945905759e-01 9.944250969937534e-01
8.282672142843391e-01 9.944493165284789e-01
8.282676339785270e-01 9.944731726661132e-01
8.282680536731399e-01 9.944964750469700e-01
8.282684733681784e-01 9.945190263476381e-01
8.282688930636428e-01 9.945407088847384e-01
8.282693127595320e-01 9.945613109515881e-01
8.282697324558462e-01 9.945807454111208e-01
8.282701521525860e-01 9.945989631013707e-01
8.282705718497517e-01 9.946159352399051e-01
8.282709915473422e-01 9.946316381417151e-01
8.282714112453579e-01 9.946460096821437e-01
8.282718309437990e-01 9.946590655513959e-01
8.282722506426661e-01 9.946707144512639e-01
8.282726703419578e-01 9.946808840755441e-01
8.282730900416749e-01 9.946895414924839e-01
8.282735097418175e-01 9.946964772999516e-01
8.282739294423859e-01 9.947015603780197e-01
8.282743491433788e-01 9.947046614667445e-01
8.282747688447973e-01 9.947056930035536e-01
8.282751885466412e-01 9.947046484972719e-01
8.282756082489102e-01 9.947016428265567e-01
8.282760279516054e-01 9.946969432708527e-01
8.282764476547252e-01 9.946909449543634e-01
8.282768673582704e-01 9.946841041385727e-01
8.282772870622408e-01 9.946768497477676e-01
8.282777067666375e-01 9.946692156030608e-01
8.282781264714587e-01 9.946609854103944e-01
8.282785461767052e-01 9.946515968951243e-01
8.282789658823770e-01 9.946402539083055e-01
8.282793855884749e-01 9.946260496513712e-01
8.282798052949976e-01 9.946081445546820e-01
8.282802250019453e-01 9.945858380868607e-01
8.282806447093187e-01 9.945586294400279e-01
8.282810644171180e-01 9.945262295712667e-01
8.282814841253420e-01 9.944886223165599e-01
8.282819038339913e-01 9.944458545742254e-01
8.282823235430660e-01 9.943983206049731e-01
8.282827432525668e-01 9.943467471213289e-01
8.282831629624920e-01 9.942922538306674e-01
8.282835826728429e-01 9.942364042238210e-01
8.282840023836189e-01 9.941812382928470e-01
8.282844220948210e-01 9.941292011042500e-01
8.282848418064478e-01 9.940830219198633e-01
8.282852615184999e-01 9.940454670671308e-01
8.282856812309775e-01 9.940191207291025e-01
8.282861009438802e-01 9.940057927604793e-01
8.282865206572092e-01 9.940066726767711e-01
8.282869403709627e-01 9.940218993789549e-01
8.282873600851418e-01 9.940505158047326e-01
8.282877797997460e-01 9.940908260824083e-01
8.282881995147764e-01 9.941404535462744e-01
8.282886192302314e-01 9.941966625747929e-01
8.282890389461118e-01 9.942567731233504e-01
8.282894586624175e-01 9.943182731107839e-01
8.282898783791494e-01 9.943791379015687e-01
8.282902980963059e-01 9.944376419741332e-01
8.282907178138876e-01 9.944926146652933e-01
8.282911375318949e-01 9.945432991132759e-01
8.282915572503281e-01 9.945892727399338e-01
8.282919769691861e-01 9.946303774170500e-01
8.282923966884693e-01 9.946666356996696e-01
8.282928164081781e-01 9.946982063958544e-01
8.282932361283128e-01 9.947253044495072e-01
8.282936558488722e-01 9.947483324926951e-01
8.282940755698570e-01 9.947677270636324e-01
8.282944952912672e-01 9.947838321313289e-01
8.282949150131034e-01 9.947971339363260e-01
8.282953347353642e-01 9.948081618535152e-01
8.282957544580505e-01 9.948174712414491e-01
8.282961741811622e-01 9.948256193436136e-01
8.282965939046991e-01 9.948331439707095e-01
8.282970136286621e-01 9.948405134630388e-01
8.282974333530500e-01 9.948481030595032e-01
8.282978530778632e-01 9.948561620022167e-01
8.282982728031016e-01 9.948649034067947e-01
8.282986925287663e-01 9.948742040602264e-01
8.282991122548555e-01 9.948839189718809e-01
8.282995319813702e-01 9.948938095628443e-01
8.282999517083102e-01 9.949035816503784e-01
8.283003714356763e-01 9.949129262148879e-01
8.283007911634671e-01 9.949215397851068e-01
8.283012108916832e-01 9.949288589692664e-01
8.283016306203248e-01 9.949352451149388e-01
8.283020503493924e-01 9.949402562109354e-01
8.283024700788847e-01 9.949438496122495e-01
8.283028898088023e-01 9.949458677788643e-01
8.283033095391454e-01 9.949462764164044e-01
8.283037292699147e-01 9.949450653301239e-01
8.283041490011085e-01 9.949422488884262e-01
8.283045687327277e-01 9.949378595362267e-01
8.283049884647724e-01 9.949319329685415e-01
8.283054081972431e-01 9.949245048867730e-01
8.283058279301384e-01 9.949156109981653e-01
8.283062476634592e-01 9.949052708001614e-01
8.283066673972054e-01 9.948935732882711e-01
8.283070871313769e-01 9.948804059339843e-01
8.283075068659745e-01 9.948657122766684e-01
8.283079266009969e-01 9.948494154823184e-01
8.283083463364447e-01 9.948314044486447e-01
8.283087660723177e-01 9.948115509498262e-01
8.283091858086170e-01 9.947897050080158e-01
8.283096055453409e-01 9.947657009203316e-01
8.283100252824902e-01 9.947393739396747e-01
8.283104450200650e-01 9.947105561095473e-01
8.283108647580657e-01 9.946791832639514e-01
8.283112844964913e-01 9.946450300820071e-01
8.283117042353421e-01 9.946079875466719e-01
8.283121239746184e-01 9.945680105939328e-01
8.283125437143207e-01 9.945251319955689e-01
8.283129634544479e-01 9.944794864232819e-01
8.283133831950003e-01 9.944313321871723e-01
8.283138029359782e-01 9.943812063206847e-01
8.283142226773823e-01 9.943293823043837e-01
8.283146424192109e-01 9.942766377742572e-01
8.283150621614650e-01 9.942238529856258e-01
8.283154819041446e-01 9.941716510720027e-01
8.283159016472501e-01 9.941206564254804e-01
8.283163213907804e-01 9.940713322238902e-01
8.283167411347361e-01 9.940238777194326e-01
8.283171608791172e-01 9.939782195131351e-01
8.283175806239237e-01 9.939340148585383e-01
8.283180003691563e-01 9.938907558521222e-01
8.283184201148136e-01 9.938478393466078e-01
8.283188398608964e-01 9.938046354589830e-01
8.283192596074045e-01 9.937606722157846e-01
8.283196793543388e-01 9.937153458489010e-01
8.283200991016978e-01 9.936681327540251e-01
8.283205188494821e-01 9.936184964801227e-01
8.283209385976920e-01 9.935658197324029e-01
8.283213583463278e-01 9.935094178262994e-01
8.283217780953885e-01 9.934485572333513e-01
8.283221978448745e-01 9.933825180737963e-01
8.283226175947859e-01 9.933106468776290e-01
8.283230373451235e-01 9.932324389253981e-01
8.283234570958857e-01 9.931476593923105e-01
8.283238768470733e-01 9.930562040662740e-01
8.283242965986864e-01 9.929582537348204e-01
8.283247163507258e-01 9.928544862535038e-01
8.283251361031897e-01 9.927460087670924e-01
8.283255558560790e-01 9.926344688266363e-01
8.283259756093938e-01 9.925221039493264e-01
8.283263953631347e-01 9.924117384766807e-01
8.283268151173002e-01 9.923067213482709e-01
8.283272348718913e-01 9.922107508311994e-01
8.283276546269078e-01 9.921276824192305e-01
8.283280743823496e-01 9.920609956167877e-01
8.283284941382175e-01 9.920135881149351e-01
8.283289138945104e-01 9.919874508386667e-01
8.283293336512285e-01 9.919833830900764e-01
8.283297534083721e-01 9.920009152701533e-01
8.283301731659418e-01 9.920383716302215e-01
8.283305929239363e-01 9.920930481485918e-01
8.283310126823560e-01 9.921615223153367e-01
8.283314324412013e-01 9.922400081880761e-01
8.283318522004727e-01 9.923247707734164e-01
8.283322719601689e-01 9.924122061500514e-01
8.283326917202903e-01 9.924992124814703e-01
8.283331114808374e-01 9.925832969646785e-01
8.283335312418105e-01 9.926625599534622e-01
8.283339510032084e-01 9.927356758626589e-01
8.283343707650316e-01 9.928018070150626e-01
8.283347905272803e-01 9.928605188045341e-01
8.283352102899553e-01 9.929116753673746e-01
8.283356300530548e-01 9.929553629253972e-01
8.283360498165798e-01 9.929918889118325e-01
8.283364695805303e-01 9.930215244342662e-01
8.283368893449069e-01 9.930446369638928e-01
8.283373091097082e-01 9.930616750650054e-01
8.283377288749350e-01 9.930731193579428e-01
8.283381486405872e-01 9.930794945170647e-01
8.283385684066648e-01 9.930813636959513e-01
8.283389881731685e-01 9.930793261894009e-01
8.283394079400971e-01 9.930739790262946e-01
8.283398277074511e-01 9.930658693173913e-01
8.283402474752305e-01 9.930555155114733e-01
8.283406672434360e-01 9.930431502768482e-01
8.283410870120663e-01 9.930288948414080e-01
8.283415067811220e-01 9.930127312526646e-01
8.283419265506031e-01 9.929945541767972e-01
8.283423463205104e-01 9.929742171468554e-01
8.283427660908426e-01 9.929515829689589e-01
8.283431858615999e-01 9.929265528535727e-01
8.283436056327830e-01 9.928991089500803e-01
8.283440254043920e-01 9.928691936660701e-01
8.283444451764259e-01 9.928369149468580e-01
8.283448649488853e-01 9.928022660883706e-01
8.283452847217699e-01 9.927653028139121e-01
8.283457044950808e-01 9.927261173746265e-01
8.283461242688164e-01 9.926848537950248e-01
8.283465440429776e-01 9.926417226512002e-01
8.283469638175641e-01 9.925970070616639e-01
8.283473835925768e-01 9.925510423302871e-01
8.283478033680142e-01 9.925042002160336e-01
8.283482231438771e-01 9.924568034230755e-01
8.283486429201655e-01 9.924091658149554e-01
8.283490626968792e-01 9.923612088688514e-01
8.283494824740192e-01 9.923128208075103e-01
8.283499022515839e-01 9.922637466377258e-01
8.283503220295741e-01 9.922136792078715e-01
8.283507418079897e-01 9.921623077347075e-01
8.283511615868315e-01 9.921093968076808e-01
8.283515813660981e-01 9.920547812911383e-01
8.283520011457900e-01 9.919983663082448e-01
8.283524209259076e-01 9.919401207565851e-01
8.283528407064511e-01 9.918801160885332e-01
8.283532604874195e-01 9.918183239889606e-01
8.283536802688134e-01 9.917547318613762e-01
8.283541000506327e-01 9.916893631420829e-01
8.283545198328781e-01 9.916222135653220e-01
8.283549396155484e-01 9.915532742588831e-01
8.283553593986441e-01 9.914825298990508e-01
8.283557791821652e-01 9.914099420933294e-01
8.283561989661127e-01 9.913354613916824e-01
8.283566187504847e-01 9.912593264025117e-01
8.283570385352823e-01 9.911809042547559e-01
8.283574583205053e-01 9.911003597922531e-01
8.283578781061545e-01 9.910175209404379e-01
8.283582978922284e-01 9.909321852426596e-01
8.283587176787279e-01 9.908440875800020e-01
8.283591374656528e-01 9.907528531471962e-01
8.283595572530031e-01 9.906579661436609e-01
8.283599770407798e-01 9.905586480826403e-01
8.283603968289810e-01 9.904537269646088e-01
8.283608166176079e-01 9.903413285568041e-01
8.283612364066602e-01 9.902189764950224e-01
8.283616561961386e-01 9.900827224015700e-01
8.283620759860418e-01 9.899277650019245e-01
8.283624957763704e-01 9.897496645820737e-01
8.283629155671246e-01 9.895471388110482e-01
8.283633353583050e-01 9.893259474942460e-01
8.283637551499101e-01 9.891014718908553e-01
8.283641749419406e-01 9.888969890445406e-01
8.283645947343967e-01 9.887359767244115e-01
8.283650145272790e-01 9.886316491854711e-01
8.283654343205861e-01 9.885803563707819e-01
8.283658541143186e-01 9.885632888187529e-01
8.283662739084765e-01 9.885555911159227e-01
8.283666937030607e-01 9.885364856783495e-01
8.283671134980697e-01 9.884945253498082e-01
8.283675332935041e-01 9.884271658906810e-01
8.283679530893641e-01 9.883373957029604e-01
8.283683728856495e-01 9.882300426529255e-01
8.283687926823610e-01 9.881096566503000e-01
8.283692124794974e-01 9.879797683847669e-01
8.283696322770593e-01 9.878429990054878e-01
8.283700520750465e-01 9.877011156809482e-01
8.283704718734602e-01 9.875553852517728e-01
8.283708916722985e-01 9.874067235031022e-01
8.283713114715623e-01 9.872557432017024e-01
8.283717312712516e-01 9.871028094651713e-01
8.283721510713671e-01 9.869479930652009e-01
8.283725708719074e-01 9.867911671511820e-01
8.283729906728732e-01 9.866320074078402e-01
8.283734104742645e-01 9.864700730672372e-01
8.283738302760819e-01 9.863049034642197e-01
8.283742500783242e-01 9.861359409206116e-01
8.283746698809918e-01 9.859626346090763e-01
8.283750896840851e-01 9.857845663477777e-01
8.283755094876045e-01 9.856013339283232e-01
8.283759292915488e-01 9.854126282118585e-01
8.283763490959186e-01 9.852181725008127e-01
8.283767689007138e-01 9.850177546318679e-01
8.283771887059352e-01 9.848111773976658e-01
8.283776085115815e-01 9.845982667969132e-01
8.283780283176532e-01 9.843788976911538e-01
8.283784481241505e-01 9.841528709408978e-01
8.283788679310731e-01 9.839199611518874e-01
8.283792877384220e-01 9.836799771854561e-01
8.283797075461957e-01 9.834326952718996e-01
8.283801273543950e-01 9.831778975248233e-01
8.283805471630197e-01 9.829153316727506e-01
8.283809669720708e-01 9.826447385788664e-01
8.283813867815464e-01 9.823658467824848e-01
8.283818065914477e-01 9.820783890029061e-01
8.283822264017745e-01 9.817821570188161e-01
8.283826462125274e-01 9.814768626623834e-01
8.283830660237052e-01 9.811622439656131e-01
8.283834858353084e-01 9.808380888958347e-01
8.283839056473372e-01 9.805042736503091e-01
8.283843254597921e-01 9.801607406155428e-01
8.283847452726720e-01 9.798075219869675e-01
8.283851650859773e-01 9.794447706235889e-01
8.283855848997081e-01 9.790727434035018e-01
8.283860047138651e-01 9.786918484041448e-01
8.283864245284470e-01 9.783025771551813e-01
8.283868443434543e-01 9.779054406804997e-01
8.283872641588873e-01 9.775009530297398e-01
8.283876839747464e-01 9.770894892735327e-01
8.283881037910301e-01 9.766713239654097e-01
8.283885236077396e-01 9.762464149438139e-01
8.283889434248746e-01 9.758144294593480e-01
8.283893632424350e-01 9.753747212141988e-01
8.283897830604215e-01 9.749263347404403e-01
8.283902028788331e-01 9.744680642654158e-01
8.283906226976702e-01 9.739986086172758e-01
8.283910425169325e-01 9.735164537320042e-01
8.283914623366214e-01 9.730199349833132e-01
8.283918821567350e-01 9.725075892169782e-01
8.283923019772740e-01 9.719779861021621e-01
8.283927217982386e-01 9.714297590605939e-01
8.283931416196294e-01 9.708617102437533e-01
8.283935614414452e-01 9.702726584964091e-01
8.283939812636862e-01 9.696615768378121e-01
8.283944010863530e-01 9.690274189619511e-01
8.283948209094458e-01 9.683691448120852e-01
8.283952407329637e-01 9.676857550802788e-01
8.283956605569068e-01 9.669762301063625e-01
8.283960803812757e-01 9.662395086471309e-01
8.283965002060707e-01 9.654744523823016e-01
8.283969200312905e-01 9.646798645352685e-01
8.283973398569360e-01 9.638544869081599e-01
8.283977596830069e-01 9.629969288194600e-01
8.283981795095040e-01 9.621057721114313e-01
8.283985993364259e-01 9.611794894537353e-01
8.283990191637735e-01 9.602164275689667e-01
8.283994389915466e-01 9.592147334865170e-01
8.283998588197450e-01 9.581726490490432e-01
8.284002786483698e-01 9.570881332960549e-01
8.284006984774195e-01 9.559589860704577e-01
8.284011183068947e-01 9.547829958746538e-01
8.284015381367953e-01 9.535576747142473e-01
8.284019579671223e-01 9.522804244027918e-01
8.284023777978742e-01 9.507851239896249e-01
8.284027976290514e-01 9.493860531659537e-01
8.284032174606543e-01 9.479253908223265e-01
8.284036372926834e-01 9.463996623504780e-01
8.284040571251373e-01 9.448051592896580e-01
8.284044769580168e-01 9.431379231734989e-01
8.284048967913218e-01 9.413936423807062e-01
8.284053166250530e-01 9.395677082641933e-01
8.284057364592091e-01 9.376551875441708e-01
8.284061562937907e-01 9.356507365798854e-01
8.284065761287979e-01 9.335485350935048e-01
8.284069959642314e-01 9.313425585381991e-01
8.284074158000896e-01 9.290259860618509e-01
8.284078356363734e-01 9.265916888647793e-01
8.284082554730828e-01 9.240318247913806e-01
8.284086753102184e-01 9.213380800001666e-01
8.284090951477788e-01 9.185013272824624e-01
8.284095149857649e-01 9.155118051252705e-01
8.284099348241765e-01 9.123589230082895e-01
8.284103546630135e-01 9.090312101490161e-01
8.284107745022767e-01 9.055162973023191e-01
8.284111943419651e-01 9.018006897295683e-01
8.284116141820789e-01 8.978698604120795e-01
8.284120340226181e-01 8.937080228932539e-01
8.284124538635836e-01 8.892979930081077e-01
8.284128737049742e-01 8.846212513169701e-01
8.284132935467901e-01 8.796576900960050e-01
8.284137133890316e-01 8.743854247011505e-01
8.284141332316993e-01 8.687807491042269e-01
8.284145530747919e-01 8.628179062204236e-01
8.284149729183100e-01 8.564690958379881e-01
8.284153927622538e-01 8.497042213510022e-01
8.284158126066238e-01 8.424773601463774e-01
8.284162324514187e-01 8.347783527694088e-01
8.284166522966390e-01 8.265571948037240e-01
8.284170721422850e-01 8.177731322539974e-01
8.284174919883573e-01 8.083825435646266e-01
8.284179118348544e-01 7.983390578623866e-01
8.284183316817770e-01 7.875935259427915e-01
8.284187515291253e-01 7.760946751020832e-01
8.284191713768997e-01 7.637895144015269e-01
8.284195912250990e-01 7.506236612557113e-01
8.284200110737240e-01 7.365434008597899e-01
8.284204309227744e-01 7.214962376761419e-01
8.284208507722504e-01 7.054335525366539e-01
8.284212706221527e-01 6.883134445669037e-01
8.284216904724798e-01 6.701038648178174e-01
8.284221103232327e-01 6.507870187334670e-01
8.284225301744108e-01 6.303650708957891e-01
8.284229500260155e-01 6.088660836583630e-01
8.284233698780450e-01 5.863510174974069e-01
8.284237897304999e-01 5.629217187091387e-01
8.284242095833805e-01 5.387273333914689e-01
8.284246294366874e-01 5.139710290115391e-01
8.284250492904190e-01 4.889134523758990e-01
8.284254691445763e-01 4.638731579071347e-01
8.284258889991593e-01 4.392220125617416e-01
8.284263088541683e-01 4.153747340701242e-01
8.284267287096023e-01 3.927728044182823e-01
8.284271485654618e-01 3.718644088022112e-01
8.284275684217470e-01 3.530817861367064e-01
8.284279882784586e-01 3.368199487758592e-01
8.284284081355948e-01 3.234189202252654e-01
8.284288279931568e-01 3.131525386565137e-01
8.284292478511442e-01 3.062233789271517e-01
8.284296677095579e-01 3.027636289800099e-01
8.284300875683965e-01 3.028374105012454e-01
8.284305074276608e-01 3.064434351070689e-01
8.284309272873506e-01 3.135147063088051e-01
8.284313471474659e-01 3.239165405571016e-01
8.284317670080075e-01 3.374431627281976e-01
8.284321868689741e-01 3.538181287124834e-01
8.284326067303662e-01 3.726986527300288e-01
8.284330265921839e-01 3.936880015889688e-01
8.284334464544280e-01 4.163528201373506e-01
8.284338663170968e-01 4.402447059699524e-01
8.284342861801912e-01 4.649228489636439e-01
8.284347060437113e-01 4.899740699669184e-01
8.284351259076576e-01 5.150286883620128e-01
8.284355457720288e-01 5.397704932353814e-01
8.284359656368255e-01 5.639410671161906e-01
8.284363855020480e-01 5.873394104042312e-01
8.284368053676967e-01 6.098184931389142e-01
8.284372252337703e-01 6.312786546233524e-01
8.284376451002694e-01 6.516602611136161e-01
8.284380649671942e-01 6.709363388508833e-01
8.284384848345453e-01 6.891057766846586e-01
8.284389047023212e-01 7.061868922118527e-01
8.284393245705227e-01 7.222122740877471e-01
8.284397444391499e-01 7.372241431694917e-01
8.284401643082033e-01 7.512711810942430e-01
8.284405841776815e-01 7.644059037854433e-01
8.284410040475855e-01 7.766820839681020e-01
8.284414239179151e-01 7.881538872451451e-01
8.284418437886700e-01 7.988742440274929e-01
8.284422636598514e-01 8.088942440291895e-01
8.284426835314578e-01 8.182628421029585e-01
8.284431034034898e-01 8.270263094157744e-01
8.284435232759472e-01 8.352281248941090e-01
8.284439431488311e-01 8.429090860517612e-01
8.284443630221399e-01 8.501189006054305e-01
8.284447828958741e-01 8.568679621393640e-01
8.284452027700340e-01 8.632020428156013e-01
8.284456226446202e-01 8.691512604108023e-01
8.284460425196314e-01 8.747435187111728e-01
8.284464623950680e-01 8.800043842621604e-01
8.284468822709303e-01 8.849576444363041e-01
8.284473021472190e-01 8.896250688275089e-01
8.284477220239326e-01 8.940267290989283e-01
8.284481419010716e-01 8.981811504096340e-01
8.284485617786365e-01 9.021054585260468e-01
8.284489816566276e-01 9.058153299743115e-01
8.284494015350434e-01 9.093253195945282e-01
8.284498214138851e-01 9.126488052765401e-01
8.284502412931524e-01 9.157981516956403e-01
8.284506611728458e-01 9.187847548787734e-01
8.284510810529642e-01 9.216191625106700e-01
8.284515009335082e-01 9.243111190658230e-01
8.284519208144779e-01 9.268696575334334e-01
8.284523406958730e-01 9.293030925101352e-01
8.284527605776946e-01 9.316191829179047e-01
8.284531804599411e-01 9.338251119735619e-01
8.284536003426133e-01 9.359275597136154e-01
8.284540202257110e-01 9.379326246824187e-01
8.284544401092351e-01 9.398460754113362e-01
8.284548599931840e-01 9.416732485930923e-01
8.284552798775585e-01 9.434191158705311e-01
8.284556997623588e-01 9.450882996052242e-01
8.284561196475853e-01 9.466850720586628e-01
8.284565395332367e-01 9.482135107682316e-01
8.284569594193136e-01 9.496773164327742e-01
8.284573793058164e-01 9.512430136170965e-01
8.284577991927453e-01 9.525791476844101e-01
8.284582190800993e-01 9.538610911687622e-01
8.284586389678787e-01 9.550916588682089e-01
8.284590588560840e-01 9.562734903770634e-01
8.284594787447155e-01 9.574090794642681e-01
8.284598986337719e-01 9.585007610416464e-01
8.284603185232540e-01 9.595506696458309e-01
8.284607384131617e-01 9.605609161265988e-01
8.284611583034956e-01 9.615334468091227e-01
8.284615781942545e-01 9.624700632552772e-01
8.284619980854391e-01 9.633725284188839e-01
8.284624179770492e-01 9.642424867145779e-01
8.284628378690849e-01 9.650814700166164e-01
8.284632577615471e-01 9.658908929901240e-01
8.284636776544342e-01 9.666721241096610e-01
8.284640975477470e-01 9.674264093297308e-01
8.284645174414853e-01 9.681549613615361e-01
8.284649373356500e-01 9.688588436825183e-01
8.284653572302396e-01 9.695391665115389e-01
8.284657771252547e-01 9.701969402991740e-01
8.284661970206957e-01 9.708331456379462e-01
8.284666169165628e-01 9.714487130135270e-01
8.284670368128551e-01 9.720444970718550e-01
8.284674567095727e-01 9.726213341574291e-01
8.284678766067162e-01 9.731800040099481e-01
8.284682965042859e-01 9.737212493854954e-01
8.284687164022806e-01 9.742457758032592e-01
8.284691363007010e-01 9.747542603863747e-01
8.284695561995469e-01 9.752473534792110e-01
8.284699760988192e-01 9.757256457508835e-01
8.284703959985165e-01 9.761897224945534e-01
8.284708158986394e-01 9.766401671592222e-01
8.284712357991879e-01 9.770774484196042e-01
8.284716557001628e-01 9.775020964535013e-01
8.284720756015626e-01 9.779145718566388e-01
8.284724955033881e-01 9.783153310299332e-01
8.284729154056393e-01 9.787048060584977e-01
8.284733353083159e-01 9.790834100787543e-01
8.284737552114191e-01 9.794515280691203e-01
8.284741751149470e-01 9.798095569016874e-01
8.284745950189009e-01 9.801578414214920e-01
8.284750149232802e-01 9.804967510195984e-01
8.284754348280858e-01 9.808266010807056e-01
8.284758547333165e-01 9.811476967189862e-01
8.284762746389728e-01 9.814603382158529e-01
8.284766945450548e-01 9.817648173269142e-01
8.284771144515630e-01 9.820614172423632e-01
8.284775343584964e-01 9.823503979111801e-01
8.284779542658552e-01 9.826320142873465e-01
8.284783741736398e-01 9.829065071480361e-01
8.284787940818507e-01 9.831741140424581e-01
8.284792139904866e-01 9.834350784285545e-01
8.284796338995482e-01 9.836895873665399e-01
8.284800538090352e-01 9.839378465726801e-01
8.284804737189490e-01 9.841800510987169e-01
8.284808936292873e-01 9.844163889728770e-01
8.284813135400515e-01 9.846470466814663e-01
8.284817334512414e-01 9.848721999832676e-01
8.284821533628576e-01 9.850920138865475e-01
8.284825732748986e-01 9.853066609800455e-01
8.284829931873654e-01 9.855163039930318e-01
8.284834131002580e-01 9.857211269886463e-01
8.284838330135760e-01 9.859212408014106e-01
8.284842529273205e-01 9.861168069384805e-01
8.284846728414899e-01 9.863079476033425e-01
8.284850927560851e-01 9.864948090444041e-01
8.284855126711059e-01 9.866775082745693e-01
8.284859325865530e-01 9.868561688824944e-01
8.284863525024252e-01 9.870308888598164e-01
8.284867724187228e-01 9.872017819469893e-01
8.284871923354463e-01 9.873689417798052e-01
8.284876122525960e-01 9.875324906129532e-01
8.284880321701709e-01 9.876924772350871e-01
8.284884520881712e-01 9.878489845467778e-01
8.284888720065975e-01 9.880020955396074e-01
8.284892919254498e-01 9.881518822497927e-01
8.284897118447274e-01 9.882984241556428e-01
8.284901317644305e-01 9.884417925309860e-01
8.284905516845593e-01 9.885820642470182e-01
8.284909716051145e-01 9.887193144073197e-01
8.284913915260946e-01 9.888536255536194e-01
8.284918114475005e-01 9.889851162213932e-01
8.284922313693320e-01 9.891138331822686e-01
8.284926512915891e-01 9.892399034096396e-01
8.284930712142726e-01 9.893634226359670e-01
8.284934911373812e-01 9.894845023282673e-01
8.284939110609155e-01 9.896032641652369e-01
8.284943309848752e-01 9.897198142315684e-01
8.284947509092616e-01 9.898342522246537e-01
8.284951708340728e-01 9.899466520874419e-01
8.284955907593098e-01 9.900570656802015e-01
8.284960106849724e-01 9.901655642642494e-01
8.284964306110614e-01 9.902721204617023e-01
8.284968505375754e-01 9.903767262640559e-01
8.284972704645149e-01 9.904793745936391e-01
8.284976903918804e-01 9.905800602267842e-01
8.284981103196720e-01 9.906787770269563e-01
8.284985302478888e-01 9.907755336308358e-01
8.284989501765311e-01 9.908703414588408e-01
8.284993701055992e-01 9.909632285598420e-01
8.284997900350937e-01 9.910542230047178e-01
