# G & A Technical Software, Inc.  (GATS) Spectral Calculator
# http://www.spectralcalc.com
# Date: Thu Feb 23 10:19:22 2023
# Line list: hitran2020
#
# Cell Number: 1
# Pressure (mb) = 1013
# Temperature (K) = 288.2
# Length (cm) = 100000
# Gas               Isotope Id            Volume Mixing Ratio   
#  H2O              0  All Isotopes       0.00775              
#
# Bandpass Starting Wavelength (microns) = 0.828100229510355
# Bandpass Ending Wavelength (microns) = 0.828499770268024
# Number of Spectral Points = 871
# Mean Transmittance = 0.884734195305233
#
#   Wavelength (microns)   Transmittance
8.281002295103548e-01 9.505018491107542e-01
8.281006885313914e-01 9.506302612710575e-01
8.281011475529376e-01 9.510351158449712e-01
8.281016065749920e-01 9.516983619263839e-01
8.281020655975554e-01 9.525926538806195e-01
8.281025246206282e-01 9.536837036972481e-01
8.281029836442093e-01 9.549329641871680e-01
8.281034426682992e-01 9.563005364726637e-01
8.281039016928987e-01 9.577475479585926e-01
8.281043607180063e-01 9.592381320895749e-01
8.281048197436228e-01 9.607408139646617e-01
8.281052787697484e-01 9.622290523458088e-01
8.281057377963833e-01 9.636817316742514e-01
8.281061968235266e-01 9.650826456505569e-01
8.281066558511787e-01 9.664201783796903e-01
8.281071148793404e-01 9.676866635181146e-01
8.281075739080103e-01 9.688776409974525e-01
8.281080329371890e-01 9.699912580051058e-01
8.281084919668774e-01 9.710276279785865e-01
8.281089509970739e-01 9.719883328794456e-01
8.281094100277795e-01 9.728759892380434e-01
8.281098690589945e-01 9.736938321115036e-01
8.281103280907177e-01 9.744456318483945e-01
8.281107871229498e-01 9.751352794166873e-01
8.281112461556909e-01 9.757667568980464e-01
8.281117051889415e-01 9.763439588274746e-01
8.281121642227003e-01 9.768707077578501e-01
8.281126232569680e-01 9.773510723144003e-01
8.281130822917453e-01 9.777875718272713e-01
8.281135413270309e-01 9.781838897240054e-01
8.281140003628253e-01 9.785431119973226e-01
8.281144593991292e-01 9.788680201062011e-01
8.281149184359415e-01 9.791613501814491e-01
8.281153774732626e-01 9.794256223486644e-01
8.281158365110926e-01 9.796631815770536e-01
8.281162955494322e-01 9.798761712104197e-01
8.281167545882800e-01 9.800665577086445e-01
8.281172136276369e-01 9.802360733734686e-01
8.281176726675031e-01 9.803862321652534e-01
8.281181317078777e-01 9.805183164139957e-01
8.281185907487612e-01 9.806333727400169e-01
8.281190497901543e-01 9.807323614988025e-01
8.281195088320555e-01 9.808158405107785e-01
8.281199678744656e-01 9.808845877866471e-01
8.281204269173856e-01 9.809392251100468e-01
8.281208859608136e-01 9.809803165601328e-01
8.281213450047505e-01 9.810084323699141e-01
8.281218040491963e-01 9.810240775855278e-01
8.281222630941518e-01 9.810277303645072e-01
8.281227221396156e-01 9.810198181590821e-01
8.281231811855881e-01 9.810007542089095e-01
8.281236402320703e-01 9.809708351705673e-01
8.281240992790607e-01 9.809304987201536e-01
8.281245583265601e-01 9.808800768354587e-01
8.281250173745691e-01 9.808198834750742e-01
8.281254764230862e-01 9.807502200317272e-01
8.281259354721124e-01 9.806713259873564e-01
8.281263945216480e-01 9.805834209213743e-01
8.281268535716921e-01 9.804864689058899e-01
8.281273126222449e-01 9.803810880222039e-01
8.281277716733068e-01 9.802671860439365e-01
8.281282307248782e-01 9.801529686770061e-01
8.281286897769579e-01 9.800217915968032e-01
8.281291488295466e-01 9.798823804298462e-01
8.281296078826448e-01 9.797347824928078e-01
8.281300669362512e-01 9.795790051405192e-01
8.281305259903665e-01 9.794150687005301e-01
8.281309850449916e-01 9.792429462700072e-01
8.281314441001250e-01 9.790625911125476e-01
8.281319031557671e-01 9.788739676759255e-01
8.281323622119189e-01 9.786769987202897e-01
8.281328212685789e-01 9.784715161566181e-01
8.281332803257480e-01 9.782575034986796e-01
8.281337393834259e-01 9.780348388416289e-01
8.281341984416134e-01 9.778033842323586e-01
8.281346575003092e-01 9.775629966258568e-01
8.281351165595140e-01 9.773134914971606e-01
8.281355756192283e-01 9.770546938675995e-01
8.281360346794510e-01 9.767864273935405e-01
8.281364937401825e-01 9.765084270794259e-01
8.281369528014237e-01 9.762204958050394e-01
8.281374118631731e-01 9.759222552117115e-01
8.281378709254317e-01 9.756135312614550e-01
8.281383299881997e-01 9.752940451181489e-01
8.281387890514760e-01 9.749634551136053e-01
8.281392481152612e-01 9.746213968289418e-01
8.281397071795553e-01 9.742675920603743e-01
8.281401662443593e-01 9.739016183209875e-01
8.281406253096713e-01 9.735230596635128e-01
8.281410843754923e-01 9.731314831600443e-01
8.281415434418230e-01 9.727264371833881e-01
8.281420025086619e-01 9.723072830808479e-01
8.281424615760099e-01 9.718736446022080e-01
8.281429206438673e-01 9.714249496104075e-01
8.281433797122332e-01 9.709606458287956e-01
8.281438387811079e-01 9.704801321970299e-01
8.281442978504923e-01 9.699827536724358e-01
8.281447569203849e-01 9.694678303750008e-01
8.281452159907865e-01 9.689346379272614e-01
8.281456750616972e-01 9.683824564168839e-01
8.281461341331173e-01 9.678104569637027e-01
8.281465932050459e-01 9.672176733830601e-01
8.281470522774833e-01 9.666034169093217e-01
8.281475113504305e-01 9.659668508864878e-01
8.281479704238859e-01 9.653071173052410e-01
8.281484294978502e-01 9.646233442802475e-01
8.281488885723242e-01 9.639147325113950e-01
8.281493476473065e-01 9.631804619592236e-01
8.281498067227978e-01 9.624198176446809e-01
8.281502657987979e-01 9.616321357314841e-01
8.281507248753078e-01 9.608168500658565e-01
8.281511839523261e-01 9.599731808374896e-01
8.281516430298531e-01 9.591010039657494e-01
8.281521021078899e-01 9.582000415631430e-01
8.281525611864350e-01 9.572699768604349e-01
8.281530202654890e-01 9.563105079540637e-01
8.281534793450527e-01 9.553211841523197e-01
8.281539384251246e-01 9.543014246727897e-01
8.281543975057057e-01 9.532502709615247e-01
8.281548565867962e-01 9.521664032611352e-01
8.281553156683953e-01 9.510480226512790e-01
8.281557747505031e-01 9.498925607882298e-01
8.281562338331199e-01 9.486974630268400e-01
8.281566929162465e-01 9.474594482930310e-01
8.281571519998813e-01 9.461748042856014e-01
8.281576110840252e-01 9.448394309720347e-01
8.281580701686785e-01 9.434489510183486e-01
8.281585292538404e-01 9.419988232832426e-01
8.281589883395111e-01 9.404842875747967e-01
8.281594474256916e-01 9.387197917215042e-01
8.281599065123803e-01 9.370508912102162e-01
8.281603655995781e-01 9.353014291150822e-01
8.281608246872855e-01 9.334661789042609e-01
8.281612837755011e-01 9.315394538703092e-01
8.281617428642257e-01 9.295152426408794e-01
8.281622019534595e-01 9.273871091877686e-01
8.281626610432027e-01 9.251483298163283e-01
8.281631201334544e-01 9.227916789269447e-01
8.281635792242150e-01 9.203096104477696e-01
8.281640383154854e-01 9.176943082911234e-01
8.281644974072639e-01 9.149381739781567e-01
8.281649564995516e-01 9.120335797414862e-01
8.281654155923488e-01 9.089742322817477e-01
8.281658746856544e-01 9.057545113788568e-01
8.281663337794691e-01 9.023695062683512e-01
8.281667928737932e-01 8.988141728511032e-01
8.281672519686260e-01 8.950820304213232e-01
8.281677110639676e-01 8.911636086041702e-01
8.281681701598181e-01 8.870452809737420e-01
8.281686292561784e-01 8.827089689216010e-01
8.281690883530469e-01 8.781325831909700e-01
8.281695474504247e-01 8.732912659216985e-01
8.281700065483120e-01 8.681593121344263e-01
8.281704656467076e-01 8.627105184771824e-01
8.281709247456122e-01 8.569186538994249e-01
8.281713838450264e-01 8.507576208078955e-01
8.281718429449492e-01 8.442004340060059e-01
8.281723020453807e-01 8.372194069364507e-01
8.281727611463221e-01 8.297848416730947e-01
8.281732202477717e-01 8.218658403875213e-01
8.281736793497304e-01 8.134292361487158e-01
8.281741384521981e-01 8.044397937560076e-01
8.281745975551754e-01 7.948611583596459e-01
8.281750566586612e-01 7.846437599076620e-01
8.281755157626559e-01 7.737711782077041e-01
8.281759748671603e-01 7.621926525541866e-01
8.281764339721730e-01 7.498693327682727e-01
8.281768930776947e-01 7.367636212859482e-01
8.281773521837262e-01 7.228406706200916e-01
8.281778112902660e-01 7.080706398380556e-01
8.281782703973150e-01 6.924310875883587e-01
8.281787295048735e-01 6.759089306879769e-01
8.281791886129403e-01 6.585047408417987e-01
8.281796477215161e-01 6.402364640683597e-01
8.281801068306009e-01 6.211434351604905e-01
8.281805659401957e-01 6.012914885923301e-01
8.281810250502987e-01 5.807780676124209e-01
8.281814841609105e-01 5.597351412250379e-01
8.281819432720323e-01 5.383353407987624e-01
8.281824023836623e-01 5.167914361049046e-01
8.281828614958014e-01 4.953575035059734e-01
8.281833206084501e-01 4.743248561020542e-01
8.281837797216073e-01 4.540154840189414e-01
8.281842388352734e-01 4.347723014605384e-01
8.281846979494493e-01 4.169457124804751e-01
8.281851570641334e-01 4.008793355873300e-01
8.281856161793266e-01 3.868954121275437e-01
8.281860752950290e-01 3.752805798654563e-01
8.281865344112408e-01 3.662758053519215e-01
8.281869935279613e-01 3.600676764879061e-01
8.281874526451906e-01 3.567847566761572e-01
8.281879117629297e-01 3.564944234497108e-01
8.281883708811771e-01 3.592028656406120e-01
8.281888299999336e-01 3.648543118667374e-01
8.281892891191998e-01 3.733317942458192e-01
8.281897482389744e-01 3.844597540809627e-01
8.281902073592580e-01 3.980069750970675e-01
8.281906664800506e-01 4.136951465219627e-01
8.281911256013530e-01 4.312079222671369e-01
8.281915847231638e-01 4.502044870227299e-01
8.281920438454836e-01 4.703346639427108e-01
8.281925029683131e-01 4.912530343771127e-01
8.281929620916509e-01 5.126327050101704e-01
8.281934212154978e-01 5.341757509081968e-01
8.281938803398545e-01 5.556207549078773e-01
8.281943394647194e-01 5.767464634595170e-01
8.281947985900936e-01 5.973733329607825e-01
8.281952577159772e-01 6.173610812675605e-01
8.281957168423696e-01 6.366060775494340e-01
8.281961759692708e-01 6.550370260546629e-01
8.281966350966810e-01 6.726094622120420e-01
8.281970942246010e-01 6.893016243521208e-01
8.281975533530292e-01 7.051099901095704e-01
8.281980124819668e-01 7.200445770530570e-01
8.281984716114139e-01 7.341260601321009e-01
8.281989307413695e-01 7.473824850821446e-01
8.281993898718341e-01 7.598465288531020e-01
8.281998490028084e-01 7.715540345723544e-01
8.282003081342911e-01 7.825423511029888e-01
8.282007672662830e-01 7.928606812080237e-01
8.282012263987846e-01 8.025246107527242e-01
8.282016855317944e-01 8.115857786286231e-01
8.282021446653133e-01 8.200867476321745e-01
8.282026037993414e-01 8.280728177332680e-01
8.282030629338791e-01 8.355889961254270e-01
8.282035220689253e-01 8.426788490787246e-01
8.282039812044805e-01 8.493762104900040e-01
8.282044403405455e-01 8.557060284388136e-01
8.282048994771188e-01 8.616852681647983e-01
8.282053586142012e-01 8.673274876472228e-01
8.282058177517935e-01 8.726465770504558e-01
8.282062768898940e-01 8.776590399387357e-01
8.282067360285037e-01 8.823834234084890e-01
8.282071951676230e-01 8.868390379901573e-01
8.282076543072509e-01 8.910449254757086e-01
8.282081134473877e-01 8.950187183061703e-01
8.282085725880336e-01 8.987767056658300e-01
8.282090317291892e-01 9.023336791707790e-01
8.282094908708533e-01 9.057030428174080e-01
8.282099500130266e-01 9.088970913088553e-01
8.282104091557095e-01 9.119270579305810e-01
8.282108682989008e-01 9.148033267542361e-01
8.282113274426012e-01 9.175354492522497e-01
8.282117865868114e-01 9.201320971013123e-01
8.282122457315300e-01 9.226014236801352e-01
8.282127048767576e-01 9.249510004675389e-01
8.282131640224950e-01 9.271876789171746e-01
8.282136231687408e-01 9.293179927496006e-01
8.282140823154956e-01 9.313478461038193e-01
8.282145414627597e-01 9.332827832224667e-01
8.282150006105333e-01 9.351279285963078e-01
8.282154597588156e-01 9.368881509094712e-01
8.282159189076068e-01 9.387503630259362e-01
8.282163780569078e-01 9.403432091116940e-01
8.282168372067172e-01 9.418639701383391e-01
8.282172963570357e-01 9.433160866047621e-01
8.282177555078640e-01 9.447027353038068e-01
8.282182146592006e-01 9.460268563391383e-01
8.282186738110465e-01 9.472911913908775e-01
8.282191329634021e-01 9.484982661188442e-01
8.282195921162661e-01 9.496504010515333e-01
8.282200512696392e-01 9.507499070270580e-01
8.282205104235213e-01 9.517986652388656e-01
8.282209695779134e-01 9.527985885363059e-01
8.282214287328137e-01 9.537514676796043e-01
8.282218878882232e-01 9.546590372440047e-01
8.282223470441424e-01 9.555229921884304e-01
8.282228062005700e-01 9.563450295340972e-01
8.282232653575069e-01 9.571268831860774e-01
8.282237245149533e-01 9.578704338921192e-01
8.282241836729084e-01 9.585777197191826e-01
8.282246428313724e-01 9.592510716049242e-01
8.282251019903464e-01 9.598929919539584e-01
8.282255611498286e-01 9.605063404043276e-01
8.282260203098200e-01 9.610944021157769e-01
8.282264794703206e-01 9.616608236891917e-01
8.282269386313307e-01 9.622095631678363e-01
8.282273977928495e-01 9.627449188088739e-01
8.282278569548773e-01 9.632712673769447e-01
8.282283161174150e-01 9.637929776552536e-01
8.282287752804610e-01 9.643141047365020e-01
8.282292344440161e-01 9.648382955797559e-01
8.282296936080811e-01 9.653682412892857e-01
8.282301527726547e-01 9.659057717608490e-01
8.282306119377371e-01 9.664515761965461e-01
8.282310711033287e-01 9.670052864298895e-01
8.282315302694301e-01 9.675654775119631e-01
8.282319894360400e-01 9.681298954109454e-01
8.282324486031590e-01 9.686956818536048e-01
8.282329077707878e-01 9.692596758112422e-01
8.282333669389250e-01 9.698187070950482e-01
8.282338261075713e-01 9.703698983062218e-01
8.282342852767275e-01 9.709105628030936e-01
8.282347444463920e-01 9.714385818761149e-01
8.282352036165659e-01 9.719523414150761e-01
8.282356627872492e-01 9.724507226408048e-01
8.282361219584413e-01 9.729330455956098e-01
8.282365811301424e-01 9.733990177978037e-01
8.282370403023526e-01 9.738486318548539e-01
8.282374994750726e-01 9.742820717773973e-01
8.282379586483011e-01 9.746997043088703e-01
8.282384178220388e-01 9.751020774512956e-01
8.282388769962861e-01 9.754896027884348e-01
8.282393361710420e-01 9.758628441477649e-01
8.282397953463070e-01 9.762223741648458e-01
8.282402545220818e-01 9.765688378789804e-01
8.282407136983650e-01 9.769029127428225e-01
8.282411728751575e-01 9.772253013072537e-01
8.282416320524597e-01 9.775368094691483e-01
8.282420912302704e-01 9.778382791556888e-01
8.282425504085902e-01 9.781305828232735e-01
8.282430095874191e-01 9.784146744447493e-01
8.282434687667579e-01 9.786912632355644e-01
8.282439279466052e-01 9.789610302298177e-01
8.282443871269615e-01 9.792245479351638e-01
8.282448463078277e-01 9.794821652043916e-01
8.282453054892024e-01 9.797341127553825e-01
8.282457646710861e-01 9.799804080827508e-01
8.282462238534798e-01 9.802209975948477e-01
8.282466830363818e-01 9.804557382648923e-01
8.282471422197931e-01 9.806844797295701e-01
8.282476014037140e-01 9.809071812224920e-01
8.282480605881437e-01 9.811236522014313e-01
8.282485197730823e-01 9.813338537897982e-01
8.282489789585301e-01 9.815378276442752e-01
8.282494381444878e-01 9.817356539798097e-01
8.282498973309540e-01 9.819274479463791e-01
8.282503565179292e-01 9.821133870966903e-01
8.282508157054144e-01 9.822936583758404e-01
8.282512748934079e-01 9.824684434789994e-01
8.282517340819107e-01 9.826379499511639e-01
8.282521932709231e-01 9.828024880842355e-01
8.282526524604443e-01 9.829621615655504e-01
8.282531116504744e-01 9.831171657846589e-01
8.282535708410146e-01 9.832677091446453e-01
8.282540300320630e-01 9.834139929132535e-01
8.282544892236207e-01 9.835561947201558e-01
8.282549484156876e-01 9.836945015125743e-01
8.282554076082642e-01 9.838290875640021e-01
8.282558668013494e-01 9.839601071273222e-01
8.282563259949437e-01 9.840883872918400e-01
8.282567851890479e-01 9.842127115434085e-01
8.282572443836606e-01 9.843338190979904e-01
8.282577035787823e-01 9.844517802780133e-01
8.282581627744140e-01 9.845666636369149e-01
8.282586219705541e-01 9.846782755127448e-01
8.282590811672035e-01 9.847871054674427e-01
8.282595403643627e-01 9.848929507801575e-01
8.282599995620303e-01 9.849958306676426e-01
8.282604587602072e-01 9.850957607122237e-01
8.282609179588932e-01 9.851927280860289e-01
8.282613771580891e-01 9.852868374384858e-01
8.282618363577934e-01 9.853779640586238e-01
8.282622955580069e-01 9.854660878436882e-01
8.282627547587302e-01 9.855511877934997e-01
8.282632139599621e-01 9.856332383389044e-01
8.282636731617032e-01 9.857122497332732e-01
8.282641323639540e-01 9.857882671489917e-01
8.282645915667135e-01 9.858614239430423e-01
8.282650507699820e-01 9.859319260773260e-01
8.282655099737598e-01 9.860001219294748e-01
8.282659691780474e-01 9.860664793765684e-01
8.282664283828435e-01 9.861313360202968e-01
8.282668875881488e-01 9.861950203746025e-01
8.282673467939640e-01 9.862577113239979e-01
8.282678060002877e-01 9.863193535636259e-01
8.282682652071205e-01 9.863796832473107e-01
8.282687244144632e-01 9.864382848847515e-01
8.282691836223144e-01 9.864946795013837e-01
8.282696428306748e-01 9.865484266154740e-01
8.282701020395452e-01 9.865991610135794e-01
8.282705612489240e-01 9.866467205065966e-01
8.282710204588120e-01 9.866907232802176e-01
8.282714796692091e-01 9.867311403704597e-01
8.282719388801162e-01 9.867677663997166e-01
8.282723980915317e-01 9.868004713625396e-01
8.282728573034565e-01 9.868289819092683e-01
8.282733165158911e-01 9.868531708434303e-01
8.282737757288342e-01 9.868727676326763e-01
8.282742349422866e-01 9.868875376301728e-01
8.282746941562488e-01 9.868972673833959e-01
8.282751533707194e-01 9.869020128098362e-01
8.282756125856995e-01 9.869017821097082e-01
8.282760718011892e-01 9.868969539636266e-01
8.282765310171876e-01 9.868882297207292e-01
8.282769902336951e-01 9.868765249079017e-01
8.282774494507118e-01 9.868627899673127e-01
8.282779086682384e-01 9.868477436990090e-01
8.282783678862735e-01 9.868316003035941e-01
8.282788271048179e-01 9.868139140994110e-01
8.282792863238722e-01 9.867936310492651e-01
8.282797455434349e-01 9.867694040574659e-01
8.282802047635068e-01 9.867395820189317e-01
8.282806639840886e-01 9.867028513578501e-01
8.282811232051791e-01 9.866583573521339e-01
8.282815824267786e-01 9.866058198845373e-01
8.282820416488882e-01 9.865455783556416e-01
8.282825008715061e-01 9.864785685247489e-01
8.282829600946333e-01 9.864063939177410e-01
8.282834193182698e-01 9.863312318122649e-01
8.282838785424160e-01 9.862558816257457e-01
8.282843377670710e-01 9.861837003499982e-01
8.282847969922350e-01 9.861182175908971e-01
8.282852562179090e-01 9.860631512963811e-01
8.282857154440915e-01 9.860220186586929e-01
8.282861746707831e-01 9.859977619419767e-01
8.282866338979847e-01 9.859924552047284e-01
8.282870931256949e-01 9.860070256140495e-01
8.282875523539144e-01 9.860411811062516e-01
8.282880115826435e-01 9.860934157501862e-01
8.282884708118815e-01 9.861611598814817e-01
8.282889300416285e-01 9.862414691965942e-01
8.282893892718847e-01 9.863306356458852e-01
8.282898485026509e-01 9.864250815281961e-01
8.282903077339258e-01 9.865215127259164e-01
8.282907669657096e-01 9.866170776777984e-01
8.282912261980035e-01 9.867094741708542e-01
8.282916854308059e-01 9.867969744612766e-01
8.282921446641176e-01 9.868783704632025e-01
8.282926038979390e-01 9.869528168651214e-01
8.282930631322691e-01 9.870201999467335e-01
8.282935223671085e-01 9.870805228570436e-01
8.282939816024577e-01 9.871338973798733e-01
8.282944408383155e-01 9.871807600142437e-01
8.282949000746824e-01 9.872216982622852e-01
8.282953593115588e-01 9.872574074140498e-01
8.282958185489449e-01 9.872886417982316e-01
8.282962777868397e-01 9.873161660219287e-01
8.282967370252436e-01 9.873407245959980e-01
8.282971962641575e-01 9.873629802969026e-01
8.282976555035799e-01 9.873834699990919e-01
8.282981147435116e-01 9.874027232765573e-01
8.282985739839532e-01 9.874208421333618e-01
8.282990332249033e-01 9.874378991572730e-01
8.282994924663628e-01 9.874537986508939e-01
8.282999517083321e-01 9.874683428331961e-01
8.283004109508100e-01 9.874812364322353e-01
8.283008701937972e-01 9.874914327948496e-01
8.283013294372936e-01 9.874999968275535e-01
8.283017886812999e-01 9.875058726871961e-01
8.283022479258147e-01 9.875088028127699e-01
8.283027071708389e-01 9.875086464656113e-01
8.283031664163729e-01 9.875051213036018e-01
8.283036256624156e-01 9.874980756157310e-01
8.283040849089675e-01 9.874874083137242e-01
8.283045441560292e-01 9.874730560586860e-01
8.283050034035997e-01 9.874549693507798e-01
8.283054626516793e-01 9.874331180477972e-01
8.283059219002681e-01 9.874074582591189e-01
8.283063811493669e-01 9.873779452228759e-01
8.283068403989743e-01 9.873444873309993e-01
8.283072996490911e-01 9.873071024551000e-01
8.283077588997175e-01 9.872655179608940e-01
8.283082181508528e-01 9.872195532534308e-01
8.283086774024973e-01 9.871689919726809e-01
8.283091366546516e-01 9.871135663833136e-01
8.283095959073146e-01 9.870530281841835e-01
8.283100551604867e-01 9.869871025552850e-01
8.283105144141690e-01 9.869155175929815e-01
8.283109736683597e-01 9.868380548728761e-01
8.283114329230596e-01 9.867545466862628e-01
8.283118921782689e-01 9.866650331628882e-01
8.283123514339882e-01 9.865694369203608e-01
8.283128106902160e-01 9.864679590905295e-01
8.283132699469531e-01 9.863609817989922e-01
8.283137292042001e-01 9.862491204057786e-01
8.283141884619557e-01 9.861331838556542e-01
8.283146477202206e-01 9.860141763688942e-01
8.283151069789954e-01 9.858935598917804e-01
8.283155662382787e-01 9.857718959599209e-01
8.283160254980716e-01 9.856506582873822e-01
8.283164847583740e-01 9.855308572697552e-01
8.283169440191854e-01 9.854131669236400e-01
8.283174032805060e-01 9.852978351740554e-01
8.283178625423356e-01 9.851848125672964e-01
8.283183218046755e-01 9.850736744630342e-01
8.283187810675238e-01 9.849637551699146e-01
8.283192403308814e-01 9.848541810918123e-01
8.283196995947490e-01 9.847439772232603e-01
8.283201588591252e-01 9.846321231456159e-01
8.283206181240107e-01 9.845175383943157e-01
8.283210773894061e-01 9.843992447900168e-01
8.283215366553103e-01 9.842760024894556e-01
8.283219959217235e-01 9.841467446476229e-01
8.283224551886469e-01 9.840105352125763e-01
8.283229144560788e-01 9.838667228390283e-01
8.283233737240199e-01 9.837150305223450e-01
8.283238329924704e-01 9.835556817557605e-01
8.283242922614307e-01 9.833895118618010e-01
8.283247515308998e-01 9.832180681641124e-01
8.283252108008782e-01 9.830434097103280e-01
8.283256700713665e-01 9.828686266702714e-01
8.283261293423634e-01 9.826971566368425e-01
8.283265886138695e-01 9.825330790247118e-01
8.283270478858857e-01 9.823808219714710e-01
8.283275071584105e-01 9.822448825604800e-01
8.283279664314447e-01 9.821294908095823e-01
8.283284257049887e-01 9.820382594391093e-01
8.283288849790413e-01 9.819738283773567e-01
8.283293442536033e-01 9.819376262861752e-01
8.283298035286746e-01 9.819296902813591e-01
8.283302628042558e-01 9.819488070351211e-01
8.283307220803457e-01 9.819922710511331e-01
8.283311813569449e-01 9.820564893038942e-01
8.283316406340541e-01 9.821371887812950e-01
8.283320999116719e-01 9.822297374664353e-01
8.283325591897990e-01 9.823295350928614e-01
8.283330184684360e-01 9.824322194931682e-01
8.283334777475818e-01 9.825339336866745e-01
8.283339370272367e-01 9.826314121205566e-01
8.283343963074018e-01 9.827220707460861e-01
8.283348555880753e-01 9.828040807182157e-01
8.283353148692582e-01 9.828759661162130e-01
8.283357741509505e-01 9.829368806894895e-01
8.283362334331527e-01 9.829863701517337e-01
8.283366927158636e-01 9.830243009430535e-01
8.283371519990838e-01 9.830508566637786e-01
8.283376112828139e-01 9.830663659906049e-01
8.283380705670527e-01 9.830713502677785e-01
8.283385298518007e-01 9.830664557146951e-01
8.283389891370588e-01 9.830524753353315e-01
8.283394484228255e-01 9.830303726421825e-01
8.283399077091017e-01 9.830008567728111e-01
8.283403669958878e-01 9.829647468134495e-01
8.283408262831824e-01 9.829226916066536e-01
8.283412855709864e-01 9.828751496024312e-01
8.283417448592998e-01 9.828223595815021e-01
8.283422041481231e-01 9.827644212389653e-01
8.283426634374551e-01 9.827011194956721e-01
8.283431227272963e-01 9.826323528919344e-01
8.283435820176477e-01 9.825578846551948e-01
8.283440413085076e-01 9.824778295429574e-01
8.283445005998769e-01 9.823919547012445e-01
8.283449598917560e-01 9.823003549708020e-01
8.283454191841441e-01 9.822029971940475e-01
8.283458784770413e-01 9.821001465045496e-01
8.283463377704479e-01 9.819921539885389e-01
8.283467970643644e-01 9.818794566210776e-01
8.283472563587897e-01 9.817625991412173e-01
8.283477156537243e-01 9.816421809407381e-01
8.283481749491688e-01 9.815187865357153e-01
8.283486342451221e-01 9.813929745880872e-01
8.283490935415846e-01 9.812649598780581e-01
8.283495528385573e-01 9.811344801110591e-01
8.283500121360384e-01 9.810013864397918e-01
8.283504714340290e-01 9.808652323167111e-01
8.283509307325297e-01 9.807255166665484e-01
8.283513900315389e-01 9.805817661328396e-01
8.283518493310575e-01 9.804335752530994e-01
8.283523086310853e-01 9.802806739855608e-01
8.283527679316234e-01 9.801228545946639e-01
8.283532272326700e-01 9.799601377167523e-01
8.283536865342259e-01 9.797923195739525e-01
8.283541458362920e-01 9.796193316337852e-01
8.283546051388666e-01 9.794410927246636e-01
8.283550644419505e-01 9.792575108755768e-01
8.283555237455446e-01 9.790684541525909e-01
8.283559830496472e-01 9.788737324709185e-01
8.283564423542593e-01 9.786731341206356e-01
8.283569016593813e-01 9.784663091587701e-01
8.283573609650121e-01 9.782535804249299e-01
8.283578202711521e-01 9.780330754067894e-01
8.283582795778015e-01 9.778046901058542e-01
8.283587388849610e-01 9.775674358754863e-01
8.283591981926290e-01 9.773199393335560e-01
8.283596575008066e-01 9.770602846353984e-01
8.283601168094942e-01 9.767854612891663e-01
8.283605761186903e-01 9.764917334617680e-01
8.283610354283959e-01 9.761730070512586e-01
8.283614947386114e-01 9.758210073614917e-01
8.283619540493358e-01 9.754253688213629e-01
8.283624133605694e-01 9.749759221084873e-01
8.283628726723131e-01 9.744676849120533e-01
8.283633319845654e-01 9.739095438639600e-01
8.283637912973271e-01 9.733320751207943e-01
8.283642506105982e-01 9.727872717539491e-01
8.283647099243792e-01 9.723337811111681e-01
8.283651692386691e-01 9.720136109812499e-01
8.283656285534682e-01 9.718303297683704e-01
8.283660878687774e-01 9.717482309368111e-01
8.283665471845952e-01 9.717090194085602e-01
8.283670065009224e-01 9.716580887758984e-01
8.283674658177598e-01 9.715597010325030e-01
8.283679251351057e-01 9.714012501167358e-01
8.283683844529611e-01 9.711854644045013e-01
8.283688437713266e-01 9.709222328775475e-01
8.283693030902006e-01 9.706222897682160e-01
8.283697624095840e-01 9.702946008540301e-01
8.283702217294769e-01 9.699458229325286e-01
8.283706810498800e-01 9.695807068840233e-01
8.283711403707915e-01 9.692024720121302e-01
8.283715996922124e-01 9.688134616530243e-01
8.283720590141435e-01 9.684148920444606e-01
8.283725183365831e-01 9.680074710932481e-01
8.283729776595323e-01 9.675913542927388e-01
8.283734369829914e-01 9.671662827829295e-01
8.283738963069593e-01 9.667316490908863e-01
8.283743556314366e-01 9.662866131489013e-01
8.283748149564238e-01 9.658302612210500e-01
8.283752742819198e-01 9.653616169698832e-01
8.283757336079252e-01 9.648797208081271e-01
8.283761929344400e-01 9.643837736962169e-01
8.283766522614647e-01 9.638729106466332e-01
8.283771115889984e-01 9.633463481697965e-01
8.283775709170412e-01 9.628034272313963e-01
8.283780302455943e-01 9.622435520914847e-01
8.283784895746559e-01 9.616661257530986e-01
8.283789489042270e-01 9.610705608232027e-01
8.283794082343081e-01 9.604563654745870e-01
8.283798675648981e-01 9.598229394442123e-01
8.283803268959974e-01 9.591697603156953e-01
8.283807862276059e-01 9.584963583865660e-01
8.283812455597247e-01 9.578020454249807e-01
8.283817048923522e-01 9.570862721428106e-01
8.283821642254890e-01 9.563485031366945e-01
8.283826235591359e-01 9.555881386584856e-01
8.283830828932915e-01 9.548047853485957e-01
8.283835422279565e-01 9.539979960923999e-01
8.283840015631316e-01 9.531673839958140e-01
8.283844608988155e-01 9.523127357724590e-01
8.283849202350088e-01 9.514338551100335e-01
8.283853795717120e-01 9.505307680427285e-01
8.283858389089240e-01 9.496034035587931e-01
8.283862982466454e-01 9.486517177885663e-01
8.283867575848762e-01 9.476757751023159e-01
8.283872169236172e-01 9.466755007064447e-01
8.283876762628668e-01 9.456506215114512e-01
8.283881356026259e-01 9.446006919071521e-01
8.283885949428950e-01 9.435248874657276e-01
8.283890542836729e-01 9.424220143301605e-01
8.283895136249602e-01 9.412905502805320e-01
8.283899729667575e-01 9.401286681859665e-01
8.283904323090635e-01 9.389339866516700e-01
8.283908916518792e-01 9.377039725787832e-01
8.283913509952048e-01 9.364359048032489e-01
8.283918103390391e-01 9.351269183461834e-01
8.283922696833828e-01 9.337741285176695e-01
8.283927290282359e-01 9.323746256091803e-01
8.283931883735991e-01 9.309255113834751e-01
8.283936477194712e-01 9.294239215050534e-01
8.283941070658525e-01 9.278669510758082e-01
8.283945664127440e-01 9.262518708896491e-01
8.283950257601442e-01 9.245756939834704e-01
8.283954851080538e-01 9.228355033450484e-01
8.283959444564737e-01 9.210282478207962e-01
8.283964038054021e-01 9.191508898475520e-01
8.283968631548401e-01 9.172000596142383e-01
8.283973225047880e-01 9.151724640107333e-01
8.283977818552449e-01 9.130643586029737e-01
8.283982412062110e-01 9.108720249401553e-01
8.283987005576866e-01 9.085914563864770e-01
8.283991599096724e-01 9.062184204721230e-01
8.283996192621668e-01 9.037482786414969e-01
8.284000786151707e-01 9.011762194343719e-01
8.284005379686847e-01 8.984970335171798e-01
8.284009973227076e-01 8.957052341129308e-01
8.284014566772396e-01 8.927950967051559e-01
8.284019160322820e-01 8.894203068094730e-01
8.284023753878331e-01 8.862347401453403e-01
8.284028347438935e-01 8.829096729858478e-01
8.284032941004642e-01 8.794373604332961e-01
8.284037534575435e-01 8.758098456102943e-01
8.284042128151322e-01 8.720184636332137e-01
8.284046721732305e-01 8.680538465891768e-01
8.284051315318388e-01 8.639062804784439e-01
8.284055908909560e-01 8.595652303332953e-01
8.284060502505824e-01 8.550194197054445e-01
8.284065096107192e-01 8.502569270411150e-01
8.284069689713645e-01 8.452650719360454e-01
8.284074283325193e-01 8.400302008232080e-01
8.284078876941843e-01 8.345376647185235e-01
8.284083470563580e-01 8.287721435207380e-01
8.284088064190414e-01 8.227170875116242e-01
8.284092657822346e-01 8.163548676365573e-01
8.284097251459367e-01 8.096667937469795e-01
8.284101845101481e-01 8.026331658395448e-01
8.284106438748691e-01 7.952328381577436e-01
8.284111032401004e-01 7.874434829981264e-01
8.284115626058401e-01 7.792417135318804e-01
8.284120219720894e-01 7.706025050138862e-01
8.284124813388489e-01 7.614997025517578e-01
8.284129407061172e-01 7.519062848464558e-01
8.284134000738949e-01 7.417933363747069e-01
8.284138594421826e-01 7.311312861031775e-01
8.284143188109793e-01 7.198894881011314e-01
8.284147781802852e-01 7.080365184845104e-01
8.284152375501015e-01 6.955407420646336e-01
8.284156969204264e-01 6.823701779021982e-01
8.284161562912608e-01 6.684935321958326e-01
8.284166156626047e-01 6.538807083482960e-01
8.284170750344586e-01 6.385032680472257e-01
8.284175344068214e-01 6.223198625349533e-01
8.284179937796936e-01 6.053420981598259e-01
8.284184531530761e-01 5.875387456598031e-01
8.284189125269672e-01 5.689033187713969e-01
8.284193719013678e-01 5.494376896516523e-01
8.284198312762786e-01 5.291574549745816e-01
8.284202906516982e-01 5.080928250226353e-01
8.284207500276273e-01 4.862922601529753e-01
8.284212094040657e-01 4.638256317198944e-01
8.284216687810143e-01 4.407866721215878e-01
8.284221281584718e-01 4.172955502640498e-01
8.284225875364387e-01 3.935012829045999e-01
8.284230469149159e-01 3.695818145712471e-01
8.284235062939016e-01 3.457427640490646e-01
8.284239656733969e-01 3.222154487889208e-01
8.284244250534024e-01 2.992500954735284e-01
8.284248844339166e-01 2.771088568859853e-01
8.284253438149405e-01 2.560558631233518e-01
8.284258031964742e-01 2.363450268295532e-01
8.284262625785170e-01 2.182099468322200e-01
8.284267219610691e-01 2.018526902192300e-01
8.284271813441307e-01 1.874371597252388e-01
8.284276407277026e-01 1.750857258924485e-01
8.284281001117831e-01 1.648811040526703e-01
8.284285594963733e-01 1.568713846006825e-01
8.284290188814735e-01 1.510788527444147e-01
8.284294782670826e-01 1.475097451899002e-01
8.284299376532011e-01 1.461634822951641e-01
8.284303970398298e-01 1.470387935243844e-01
8.284308564269672e-01 1.501365844786341e-01
8.284313158146143e-01 1.554583053577493e-01
8.284317752027714e-01 1.629996795972253e-01
8.284322345914373e-01 1.727428363739680e-01
8.284326939806128e-01 1.846459262655382e-01
8.284331533702978e-01 1.986343905987690e-01
8.284336127604928e-01 2.145945846997694e-01
8.284340721511968e-01 2.323715451143870e-01
8.284345315424102e-01 2.517705066748275e-01
8.284349909341338e-01 2.725642637966559e-01
8.284354503263661e-01 2.945020456207471e-01
8.284359097191080e-01 3.173209449127140e-01
8.284363691123601e-01 3.407575332759907e-01
8.284368285061209e-01 3.645582812217452e-01
8.284372879003914e-01 3.884873805534950e-01
8.284377472951718e-01 4.123333777254993e-01
8.284382066904613e-01 4.359120590343137e-01
8.284386660862600e-01 4.590684326630051e-01
8.284391254825684e-01 4.816760567325539e-01
8.284395848793870e-01 5.036356253800439e-01
8.284400442767144e-01 5.248724939519784e-01
8.284405036745512e-01 5.453336904387658e-01
8.284409630728984e-01 5.649852277674849e-01
8.284414224717542e-01 5.838090232976157e-01
8.284418818711196e-01 6.017994808552344e-01
8.284423412709951e-01 6.189619901808494e-01
8.284428006713797e-01 6.353262017052470e-01
8.284432600722735e-01 6.508792289269076e-01
8.284437194736776e-01 6.656615053847039e-01
8.284441788755905e-01 6.797008544186980e-01
8.284446382780128e-01 6.930273546963746e-01
8.284450976809449e-01 7.056721471911873e-01
8.284455570843869e-01 7.176672692648065e-01
8.284460164883380e-01 7.290445562662886e-01
8.284464758927984e-01 7.398355275479017e-01
8.284469352977691e-01 7.500710715729699e-01
8.284473947032486e-01 7.597812908579260e-01
8.284478541092376e-01 7.689946076724916e-01
8.284483135157369e-01 7.777390432088879e-01
8.284487729227449e-01 7.860409576833827e-01
8.284492323302626e-01 7.939254607104420e-01
8.284496917382903e-01 8.014162214905385e-01
8.284501511468270e-01 8.085360823566512e-01
8.284506105558730e-01 8.153061595320142e-01
8.284510699654286e-01 8.217466391159319e-01
8.284515293754947e-01 8.278763385454367e-01
8.284519887860693e-01 8.337131953381447e-01
8.284524481971535e-01 8.392737756091202e-01
8.284529076087480e-01 8.445738781218751e-01
8.284533670208513e-01 8.496281539860100e-01
8.284538264334641e-01 8.544504910716263e-01
8.284542858465871e-01 8.590537718411856e-01
8.284547452602190e-01 8.634502388083092e-01
8.284552046743604e-01 8.676512343104585e-01
8.284556640890121e-01 8.716674730225369e-01
8.284561235041724e-01 8.755090682652418e-01
8.284565829198424e-01 8.791853157438844e-01
8.284570423360220e-01 8.827051215638103e-01
8.284575017527116e-01 8.860767849279283e-01
8.284579611699103e-01 8.893080775121432e-01
8.284584205876184e-01 8.927319397010245e-01
8.284588800058368e-01 8.956864817066866e-01
8.284593394245640e-01 8.985223785874441e-01
8.284597988438006e-01 9.012456075376735e-01
8.284602582635476e-01 9.038617713231122e-01
8.284607176838036e-01 9.063761574933993e-01
8.284611771045689e-01 9.087939150807693e-01
8.284616365258437e-01 9.111195767288697e-01
8.284620959476289e-01 9.133577042038573e-01
8.284625553699230e-01 9.155125895514731e-01
8.284630147927264e-01 9.175881439776914e-01
8.284634742160403e-01 9.195881697196706e-01
8.284639336398628e-01 9.215161692982221e-01
8.284643930641949e-01 9.233754143072049e-01
8.284648524890373e-01 9.251690018309722e-01
8.284653119143885e-01 9.268998567262149e-01
8.284657713402495e-01 9.285707481415921e-01
8.284662307666204e-01 9.301843204133469e-01
8.284666901935004e-01 9.317430620919562e-01
8.284671496208899e-01 9.332493792130225e-01
8.284676090487888e-01 9.347055371905943e-01
8.284680684771981e-01 9.361136372303365e-01
8.284685279061162e-01 9.374757743466897e-01
8.284689873355440e-01 9.387938681771930e-01
8.284694467654818e-01 9.400697621493738e-01
8.284699061959286e-01 9.413051763416579e-01
8.284703656268850e-01 9.425017794705109e-01
8.284708250583516e-01 9.436611385007350e-01
8.284712844903271e-01 9.447847348451405e-01
8.284717439228122e-01 9.458740019199194e-01
8.284722033558074e-01 9.469302889572979e-01
8.284726627893115e-01 9.479548776130733e-01
8.284731222233253e-01 9.489489740066022e-01
8.284735816578486e-01 9.499137573917169e-01
8.284740410928820e-01 9.508503477050085e-01
8.284745005284245e-01 9.517598155083168e-01
8.284749599644765e-01 9.526431707392368e-01
8.284754194010387e-01 9.535013691997919e-01
8.284758788381098e-01 9.543353440060988e-01
8.284763382756904e-01 9.551459838608085e-01
8.284767977137814e-01 9.559341254838386e-01
8.284772571523812e-01 9.567005531626991e-01
8.284777165914906e-01 9.574460446975500e-01
8.284781760311102e-01 9.581713390539812e-01
8.284786354712388e-01 9.588771538927404e-01
8.284790949118769e-01 9.595641531498720e-01
8.284795543530244e-01 9.602329860379333e-01
8.284800137946825e-01 9.608842403185320e-01
8.284804732368494e-01 9.615185386772337e-01
8.284809326795257e-01 9.621364419433336e-01
8.284813921227124e-01 9.627384918146100e-01
8.284818515664080e-01 9.633251783968013e-01
8.284823110106132e-01 9.638970261325075e-01
8.284827704553285e-01 9.644545219577674e-01
8.284832299005529e-01 9.649981366784611e-01
8.284836893462868e-01 9.655282924757658e-01
8.284841487925310e-01 9.660454490740167e-01
8.284846082392839e-01 9.665499885533020e-01
8.284850676865466e-01 9.670423267632580e-01
8.284855271343189e-01 9.675228232454800e-01
8.284859865826013e-01 9.679918387376476e-01
8.284864460313928e-01 9.684496918359123e-01
8.284869054806937e-01 9.688967382590310e-01
8.284873649305050e-01 9.693332571444626e-01
8.284878243808251e-01 9.697595556041116e-01
8.284882838316548e-01 9.701759036963603e-01
8.284887432829949e-01 9.705825740865782e-01
8.284892027348438e-01 9.709798311712299e-01
8.284896621872024e-01 9.713679057019344e-01
8.284901216400713e-01 9.717470616632193e-01
8.284905810934490e-01 9.721175438019208e-01
8.284910405473362e-01 9.724795866226141e-01
8.284915000017332e-01 9.728334415264744e-01
8.284919594566404e-01 9.731793460040585e-01
8.284924189120566e-01 9.735175979348836e-01
8.284928783679822e-01 9.738484522753619e-01
8.284933378244183e-01 9.741721790283100e-01
8.284937972813631e-01 9.744890396505490e-01
8.284942567388177e-01 9.747992906501960e-01
8.284947161967824e-01 9.751031908249230e-01
8.284951756552562e-01 9.754009376585309e-01
8.284956351142395e-01 9.756926981070815e-01
8.284960945737324e-01 9.759786321738925e-01
8.284965540337357e-01 9.762588310624017e-01
8.284970134942478e-01 9.765333770942501e-01
8.284974729552695e-01 9.768023400524105e-01
8.284979324168016e-01 9.770657662395733e-01
8.284983918788426e-01 9.773236930060680e-01
8.284988513413931e-01 9.775761760485220e-01
8.284993108044540e-01 9.778232894306454e-01
8.284997702680238e-01 9.780650946321424e-01
