# G & A Technical Software, Inc.  (GATS) Spectral Calculator
# http://www.spectralcalc.com
# Date: Thu Feb 23 10:20:45 2023
# Line list: hitran2020
#
# Cell Number: 1
# Pressure (mb) = 701.2
# Temperature (K) = 268.7
# Length (cm) = 100000
# Gas               Isotope Id            Volume Mixing Ratio   
#  H2O              0  All Isotopes       0.00318              
#
# Bandpass Starting Wavelength (microns) = 0.828100200706281
# Bandpass Ending Wavelength (microns) = 0.828499799099841
# Number of Spectral Points = 996
# Mean Transmittance = 0.956435433357877
#
#   Wavelength (microns)   Transmittance
8.281002007062812e-01 9.806902666282988e-01
8.281006021192002e-01 9.810050738523042e-01
8.281010035325085e-01 9.814693618198356e-01
8.281014049462065e-01 9.820594727707412e-01
8.281018063602930e-01 9.827477396569301e-01
8.281022077747687e-01 9.835051487461264e-01
8.281026091896335e-01 9.843037764053093e-01
8.281030106048883e-01 9.851186364746645e-01
8.281034120205314e-01 9.859287820947997e-01
8.281038134365637e-01 9.867177704394572e-01
8.281042148529852e-01 9.874735591106182e-01
8.281046162697966e-01 9.881880226265205e-01
8.281050176869965e-01 9.888564381135847e-01
8.281054191045855e-01 9.894766804188737e-01
8.281058205225637e-01 9.900485919621312e-01
8.281062219409318e-01 9.905734077441585e-01
8.281066233596882e-01 9.910532861691226e-01
8.281070247788339e-01 9.914909337076242e-01
8.281074261983689e-01 9.918893546587525e-01
8.281078276182936e-01 9.922516329157532e-01
8.281082290386067e-01 9.925808162995042e-01
8.281086304593092e-01 9.928797813256244e-01
8.281090318804006e-01 9.931513032034149e-01
8.281094333018820e-01 9.933979369027558e-01
8.281098347237520e-01 9.936220013605406e-01
8.281102361460111e-01 9.938256198111515e-01
8.281106375686599e-01 9.940107070635983e-01
8.281110389916974e-01 9.941789864982542e-01
8.281114404151241e-01 9.943320150435704e-01
8.281118418389397e-01 9.944711786126581e-01
8.281122432631454e-01 9.945977292805700e-01
8.281126446877396e-01 9.947127590826166e-01
8.281130461127230e-01 9.948173100311637e-01
8.281134475380953e-01 9.949123077196809e-01
8.281138489638576e-01 9.949985875771965e-01
8.281142503900086e-01 9.950771032637079e-01
8.281146518165485e-01 9.951481745409938e-01
8.281150532434778e-01 9.952126729186440e-01
8.281154546707969e-01 9.952712047129268e-01
8.281158560985044e-01 9.953243357114158e-01
8.281162575266012e-01 9.953725735152944e-01
8.281166589550871e-01 9.954163216081923e-01
8.281170603839630e-01 9.954559622862739e-01
8.281174618132273e-01 9.954917884933775e-01
8.281178632428808e-01 9.955240316060242e-01
8.281182646729242e-01 9.955528071735689e-01
8.281186661033559e-01 9.955782581483530e-01
8.281190675341771e-01 9.956004885881913e-01
8.281194689653872e-01 9.956196076919908e-01
8.281198703969875e-01 9.956357284059609e-01
8.281202718289761e-01 9.956489771568416e-01
8.281206732613539e-01 9.956594525853049e-01
8.281210746941209e-01 9.956673043607213e-01
8.281214761272777e-01 9.956726585327804e-01
8.281218775608232e-01 9.956756258729583e-01
8.281222789947577e-01 9.956763097533938e-01
8.281226804290815e-01 9.956747991896420e-01
8.281230818637951e-01 9.956711869207913e-01
8.281234832988972e-01 9.956655545708645e-01
8.281238847343886e-01 9.956579782109980e-01
8.281242861702692e-01 9.956485297489892e-01
8.281246876065397e-01 9.956372440103645e-01
8.281250890431985e-01 9.956241919920178e-01
8.281254904802466e-01 9.956094344972116e-01
8.281258919176840e-01 9.955930096177360e-01
8.281262933555111e-01 9.955749605509865e-01
8.281266947937269e-01 9.955553147372100e-01
8.281270962323319e-01 9.955361964044598e-01
8.281274976713265e-01 9.955132683333743e-01
8.281278991107099e-01 9.954888782554724e-01
8.281283005504825e-01 9.954629873401570e-01
8.281287019906441e-01 9.954355831890956e-01
8.281291034311957e-01 9.954066853952388e-01
8.281295048721360e-01 9.953763107750098e-01
8.281299063134653e-01 9.953444645620835e-01
8.281303077551838e-01 9.953111413360329e-01
8.281307091972921e-01 9.952763449529687e-01
8.281311106397892e-01 9.952400625910225e-01
8.281315120826752e-01 9.952022944127973e-01
8.281319135259506e-01 9.951630220511942e-01
8.281323149696159e-01 9.951222391969429e-01
8.281327164136697e-01 9.950799061860401e-01
8.281331178581126e-01 9.950360134861195e-01
8.281335193029447e-01 9.949905534271490e-01
8.281339207481668e-01 9.949435012055713e-01
8.281343221937774e-01 9.948948352731132e-01
8.281347236397772e-01 9.948445280711561e-01
8.281351250861662e-01 9.947925464958991e-01
8.281355265329451e-01 9.947388579220667e-01
8.281359279801125e-01 9.946834288137881e-01
8.281363294276691e-01 9.946262210201593e-01
8.281367308756158e-01 9.945671713994287e-01
8.281371323239508e-01 9.945062432317885e-01
8.281375337726751e-01 9.944434039846793e-01
8.281379352217885e-01 9.943786021599561e-01
8.281383366712919e-01 9.943117835063346e-01
8.281387381211839e-01 9.942428924103290e-01
8.281391395714649e-01 9.941718640277609e-01
8.281395410221354e-01 9.940986414161388e-01
8.281399424731956e-01 9.940231412801095e-01
8.281403439246443e-01 9.939452970273573e-01
8.281407453764823e-01 9.938650226650746e-01
8.281411468287097e-01 9.937822271553978e-01
8.281415482813267e-01 9.936968389442260e-01
8.281419497343323e-01 9.936087606118233e-01
8.281423511877273e-01 9.935178897054890e-01
8.281427526415114e-01 9.934241219828475e-01
8.281431540956853e-01 9.933273449399331e-01
8.281435555502479e-01 9.932274308808688e-01
8.281439570051997e-01 9.931242563525748e-01
8.281443584605414e-01 9.930176711652011e-01
8.281447599162715e-01 9.929075206043542e-01
8.281451613723910e-01 9.927936287960358e-01
8.281455628288996e-01 9.926758431010202e-01
8.281459642857981e-01 9.925539800307752e-01
8.281463657430853e-01 9.924278382130479e-01
8.281467672007617e-01 9.922972071908694e-01
8.281471686588272e-01 9.921618623556467e-01
8.281475701172827e-01 9.920215723582018e-01
8.281479715761267e-01 9.918760931203960e-01
8.281483730353599e-01 9.917251867909436e-01
8.281487744949825e-01 9.915685889705970e-01
8.281491759549948e-01 9.914060558367133e-01
8.281495774153959e-01 9.912374010680305e-01
8.281499788761859e-01 9.910624321221875e-01
8.281503803373652e-01 9.908810268482802e-01
8.281507817989346e-01 9.906931325102067e-01
8.281511832608924e-01 9.904987869437489e-01
8.281515847232396e-01 9.902981544376858e-01
8.281519861859759e-01 9.900915090017700e-01
8.281523876491020e-01 9.898792572862263e-01
8.281527891126169e-01 9.896619015519237e-01
8.281531905765209e-01 9.894400026812411e-01
8.281535920408150e-01 9.892141570542612e-01
8.281539935054973e-01 9.889848546392049e-01
8.281543949705692e-01 9.887524063478746e-01
8.281547964360301e-01 9.885168889944953e-01
8.281551979018810e-01 9.882780645724768e-01
8.281555993681204e-01 9.880353677550651e-01
8.281560008347492e-01 9.877879302314495e-01
8.281564023017671e-01 9.875346344623245e-01
8.281568037691750e-01 9.872741563504144e-01
8.281572052369713e-01 9.870050575180143e-01
8.281576067051570e-01 9.867259316906661e-01
8.281580081737320e-01 9.864353763093977e-01
8.281584096426968e-01 9.861320633984141e-01
8.281588111120501e-01 9.858147634920552e-01
8.281592125817928e-01 9.854823227083707e-01
8.281596140519247e-01 9.851336728942096e-01
8.281600155224463e-01 9.847192044434956e-01
8.281604169933567e-01 9.843322826558436e-01
8.281608184646564e-01 9.839258569453223e-01
8.281612199363459e-01 9.834988249748384e-01
8.281616214084240e-01 9.830500454979283e-01
8.281620228808914e-01 9.825782380384114e-01
8.281624243537481e-01 9.820820292441121e-01
8.281628258269944e-01 9.815598656976188e-01
8.281632273006296e-01 9.810100476784526e-01
8.281636287746540e-01 9.804307154283162e-01
8.281640302490675e-01 9.798198465172443e-01
8.281644317238710e-01 9.791753810072361e-01
8.281648331990632e-01 9.784953115963886e-01
8.281652346746445e-01 9.777779428134388e-01
8.281656361506151e-01 9.770220653144137e-01
8.281660376269757e-01 9.762271200852022e-01
8.281664391037249e-01 9.753930381318315e-01
8.281668405808631e-01 9.745198755206884e-01
8.281672420583907e-01 9.736070620806281e-01
8.281676435363083e-01 9.726526544394191e-01
8.281680450146144e-01 9.716528184946860e-01
8.281684464933099e-01 9.706019128605665e-01
8.281688479723944e-01 9.694927810830465e-01
8.281692494518691e-01 9.683176136716938e-01
8.281696509317322e-01 9.670685029798753e-01
8.281700524119846e-01 9.657378042914602e-01
8.281704538926271e-01 9.643180671066697e-01
8.281708553736580e-01 9.628018957022064e-01
8.281712568550782e-01 9.611815841495047e-01
8.281716583368876e-01 9.594488524303454e-01
8.281720598190870e-01 9.575945691549893e-01
8.281724613016750e-01 9.556085759369688e-01
8.281728627846522e-01 9.534750664886751e-01
8.281732642680187e-01 9.511897787571079e-01
8.281736657517752e-01 9.487346927405004e-01
8.281740672359204e-01 9.460941185580136e-01
8.281744687204545e-01 9.432505961070173e-01
8.281748702053782e-01 9.401847269060801e-01
8.281752716906917e-01 9.368749232193653e-01
8.281756731763937e-01 9.332971979363742e-01
8.281760746624851e-01 9.294249463682982e-01
8.281764761489658e-01 9.252286630695539e-01
8.281768776358364e-01 9.206757288492725e-01
8.281772791230956e-01 9.157301266396408e-01
8.281776806107440e-01 9.103523864498230e-01
8.281780820987824e-01 9.044992758393779e-01
8.281784835872094e-01 8.981241031681487e-01
8.281788850760257e-01 8.911764631295381e-01
8.281792865652313e-01 8.836032272363763e-01
8.281796880548267e-01 8.753490594046074e-01
8.281800895448108e-01 8.663580437825261e-01
8.281804910351842e-01 8.565758470704626e-01
8.281808925259467e-01 8.459528858316351e-01
8.281812940170993e-01 8.344491032153064e-01
8.281816955086405e-01 8.220396524696496e-01
8.281820970005709e-01 8.087228860378722e-01
8.281824984928907e-01 7.945293488287587e-01
8.281828999856004e-01 7.795331264354636e-01
8.281833014786987e-01 7.638623585192522e-01
8.281837029721862e-01 7.477100921177197e-01
8.281841044660632e-01 7.313417585165893e-01
8.281845059603299e-01 7.150977733254712e-01
8.281849074549853e-01 6.993877320503358e-01
8.281853089500300e-01 6.846767984310667e-01
8.281857104454639e-01 6.714603644796118e-01
8.281861119412879e-01 6.602312894970450e-01
8.281865134375004e-01 6.514411126868738e-01
8.281869149341021e-01 6.454632734718009e-01
8.281873164310940e-01 6.425604257263953e-01
8.281877179284743e-01 6.428622207149857e-01
8.281881194262440e-01 6.463552996453282e-01
8.281885209244029e-01 6.528834929091533e-01
8.281889224229518e-01 6.621617466501347e-01
8.281893239218894e-01 6.737991607553839e-01
8.281897254212162e-01 6.873334206783440e-01
8.281901269209323e-01 7.022686390492549e-01
8.281905284210384e-01 7.181124733395813e-01
8.281909299215331e-01 7.344089838506243e-01
8.281913314224170e-01 7.507602221606776e-01
8.281917329236902e-01 7.668400101654600e-01
8.281921344253534e-01 7.823968030021866e-01
8.281925359274052e-01 7.972503844519393e-01
8.281929374298463e-01 8.112835561192905e-01
8.281933389326769e-01 8.244313308323503e-01
8.281937404358971e-01 8.366699274553576e-01
8.281941419395061e-01 8.480060149324600e-01
8.281945434435045e-01 8.584679465378533e-01
8.281949449478920e-01 8.680978396739334e-01
8.281953464526696e-01 8.769465576471410e-01
8.281957479578358e-01 8.850688763047911e-01
8.281961494633913e-01 8.925207769895558e-01
8.281965509693366e-01 8.993572573977735e-01
8.281969524756707e-01 9.056310173851626e-01
8.281973539823941e-01 9.113915865735914e-01
8.281977554895067e-01 9.166850751417355e-01
8.281981569970094e-01 9.215539046751953e-01
8.281985585049007e-01 9.260367329392046e-01
8.281989600131813e-01 9.301686370203804e-01
8.281993615218510e-01 9.339813287525517e-01
8.281997630309109e-01 9.375032108022269e-01
8.282001645403594e-01 9.407597511024455e-01
8.282005660501971e-01 9.437739266781824e-01
8.282009675604242e-01 9.465666783451784e-01
8.282013690710412e-01 9.491577699890672e-01
8.282017705820468e-01 9.515664130477474e-01
8.282021720934419e-01 9.538113482866708e-01
8.282025736052261e-01 9.559140658370584e-01
8.282029751174005e-01 9.578815743313496e-01
8.282033766299634e-01 9.597299242210124e-01
8.282037781429155e-01 9.614678592048891e-01
8.282041796562577e-01 9.631012142622303e-01
8.282045811699885e-01 9.646350555743121e-01
8.282049826841087e-01 9.660747581436918e-01
8.282053841986180e-01 9.674262687759165e-01
8.282057857135176e-01 9.686960427209346e-01
8.282061872288056e-01 9.698904791395113e-01
8.282065887444828e-01 9.710155587326140e-01
8.282069902605496e-01 9.720766769356269e-01
8.282073917770062e-01 9.730787053441966e-01
8.282077932938515e-01 9.740259564597792e-01
8.282081948110861e-01 9.749223378607134e-01
8.282085963287100e-01 9.757713788298443e-01
8.282089978467240e-01 9.765762848983233e-01
8.282093993651264e-01 9.773399111486978e-01
8.282098008839184e-01 9.780649762159164e-01
8.282102024030996e-01 9.787539584729967e-01
8.282106039226708e-01 9.794091178431138e-01
8.282110054426305e-01 9.800325361533765e-01
8.282114069629797e-01 9.806261377150349e-01
8.282118084837180e-01 9.811916845245306e-01
8.282122100048465e-01 9.817308300785056e-01
8.282126115263636e-01 9.822450673474377e-01
8.282130130482701e-01 9.827358121241312e-01
8.282134145705663e-01 9.832042980664586e-01
8.282138160932514e-01 9.836517536616046e-01
8.282142176163259e-01 9.840793102807557e-01
8.282146191397894e-01 9.845388126170538e-01
8.282150206636432e-01 9.849268493668102e-01
8.282154221878856e-01 9.852980214529867e-01
8.282158237125172e-01 9.856531340251289e-01
8.282162252375381e-01 9.859929097519641e-01
8.282166267629492e-01 9.863180234585401e-01
8.282170282887489e-01 9.866291230707723e-01
8.282174298149377e-01 9.869267228521112e-01
8.282178313415161e-01 9.872113253994262e-01
8.282182328684844e-01 9.874834592615798e-01
8.282186343958412e-01 9.877435298813024e-01
8.282190359235875e-01 9.879919215083094e-01
8.282194374517230e-01 9.882289593886837e-01
8.282198389802488e-01 9.884549253008686e-01
8.282202405091630e-01 9.886700648363558e-01
8.282206420384666e-01 9.888745762783916e-01
8.282210435681602e-01 9.890686243450679e-01
8.282214450982424e-01 9.892522866999858e-01
8.282218466287140e-01 9.894256552200524e-01
8.282222481595748e-01 9.895888452146762e-01
8.282226496908258e-01 9.897419143180796e-01
8.282230512224654e-01 9.898849186712690e-01
8.282234527544942e-01 9.900179267450363e-01
8.282238542869125e-01 9.901410636042132e-01
8.282242558197208e-01 9.902545155439704e-01
8.282246573529177e-01 9.903585955955141e-01
8.282250588865039e-01 9.904537860002530e-01
8.282254604204796e-01 9.905407382543064e-01
8.282258619548452e-01 9.906204124443869e-01
8.282262634895994e-01 9.906941474310934e-01
8.282266650247431e-01 9.907635797148017e-01
8.282270665602760e-01 9.908306803753746e-01
8.282274680961990e-01 9.908977255954664e-01
8.282278696325105e-01 9.909672062945185e-01
8.282282711692116e-01 9.910416694813147e-01
8.282286727063018e-01 9.911235503732678e-01
8.282290742437821e-01 9.912149509512197e-01
8.282294757816512e-01 9.913173427152884e-01
8.282298773199096e-01 9.914315416109181e-01
8.282302788585578e-01 9.915576302101590e-01
8.282306803975948e-01 9.916947956703506e-01
8.282310819370213e-01 9.918414953442406e-01
8.282314834768369e-01 9.919956482850383e-01
8.282318850170427e-01 9.921548444277561e-01
8.282322865576371e-01 9.923165867802306e-01
8.282326880986209e-01 9.924785579257032e-01
8.282330896399940e-01 9.926386760661610e-01
8.282334911817572e-01 9.927952334599287e-01
8.282338927239089e-01 9.929469379192610e-01
8.282342942664500e-01 9.930930241775657e-01
8.282346958093806e-01 9.932329856122458e-01
8.282350973527011e-01 9.933666147081881e-01
8.282354988964103e-01 9.934939315733124e-01
8.282359004405089e-01 9.936151105229001e-01
8.282363019849966e-01 9.937304371324549e-01
8.282367035298748e-01 9.938402559926762e-01
8.282371050751413e-01 9.939449369364660e-01
8.282375066207973e-01 9.940448093028015e-01
8.282379081668433e-01 9.941401739349488e-01
8.282383097132779e-01 9.942313721351524e-01
8.282387112601020e-01 9.943186449123217e-01
8.282391128073153e-01 9.944021843250598e-01
8.282395143549188e-01 9.944821732785604e-01
8.282399159029109e-01 9.945587896821391e-01
8.282403174512923e-01 9.946322221884738e-01
8.282407190000631e-01 9.947026924248221e-01
8.282411205492241e-01 9.947704577776962e-01
8.282415220987737e-01 9.948358447526725e-01
8.282419236487124e-01 9.948992119267799e-01
8.282423251990407e-01 9.949608619213230e-01
8.282427267497591e-01 9.950211456303898e-01
8.282431283008660e-01 9.950803107082983e-01
8.282435298523624e-01 9.951385840198289e-01
8.282439314042481e-01 9.951960729223319e-01
8.282443329565239e-01 9.952527888657374e-01
8.282447345091882e-01 9.953086612690547e-01
8.282451360622421e-01 9.953635639172296e-01
8.282455376156853e-01 9.954173511018489e-01
8.282459391695184e-01 9.954699285407362e-01
8.282463407237404e-01 9.955211096844679e-01
8.282467422783517e-01 9.955708117968077e-01
8.282471438333530e-01 9.956189855121212e-01
8.282475453887429e-01 9.956656255082312e-01
8.282479469445224e-01 9.957107505796026e-01
8.282483485006911e-01 9.957544027153328e-01
8.282487500572498e-01 9.957966331926605e-01
8.282491516141973e-01 9.958375035056999e-01
8.282495531715343e-01 9.958770862942297e-01
8.282499547292604e-01 9.959154931705705e-01
8.282503562873768e-01 9.959527193607867e-01
8.282507578458818e-01 9.959888208513752e-01
8.282511594047760e-01 9.960238452923346e-01
8.282515609640597e-01 9.960578384886799e-01
8.282519625237336e-01 9.960908443996317e-01
8.282523640837961e-01 9.961229023547169e-01
8.282527656442479e-01 9.961540526190620e-01
8.282531672050890e-01 9.961843345376284e-01
8.282535687663204e-01 9.962137967404778e-01
8.282539703279402e-01 9.962425430710167e-01
8.282543718899497e-01 9.962705542143522e-01
8.282547734523483e-01 9.962978788218461e-01
8.282551750151371e-01 9.963247655140676e-01
8.282555765783147e-01 9.963508516691383e-01
8.282559781418815e-01 9.963763912498260e-01
8.282563797058385e-01 9.964014199409531e-01
8.282567812701841e-01 9.964259673997942e-01
8.282571828349191e-01 9.964500523830837e-01
8.282575844000435e-01 9.964737057145353e-01
8.282579859655579e-01 9.964969612375760e-01
8.282583875314611e-01 9.965197632394452e-01
8.282587890977536e-01 9.965420341924579e-01
8.282591906644355e-01 9.965638910044079e-01
8.282595922315076e-01 9.965852568442417e-01
8.282599937989682e-01 9.966061138132463e-01
8.282603953668184e-01 9.966264498131037e-01
8.282607969350578e-01 9.966462501927680e-01
8.282611985036874e-01 9.966655051740194e-01
8.282616000727056e-01 9.966842042825940e-01
8.282620016421133e-01 9.967024089838472e-01
8.282624032119104e-01 9.967200389555011e-01
8.282628047820974e-01 9.967370811710735e-01
8.282632063526733e-01 9.967535270136387e-01
8.282636079236384e-01 9.967693741328829e-01
8.282640094949937e-01 9.967846385138992e-01
8.282644110667376e-01 9.967993637619694e-01
8.282648126388711e-01 9.968136120529778e-01
8.282652142113938e-01 9.968274938422448e-01
8.282656157843066e-01 9.968411244657412e-01
8.282660173576082e-01 9.968546807720604e-01
8.282664189312993e-01 9.968681627581651e-01
8.282668205053795e-01 9.968815674036757e-01
8.282672220798499e-01 9.968948369106565e-01
8.282676236547091e-01 9.969078645027787e-01
8.282680252299576e-01 9.969205294714489e-01
8.282684268055955e-01 9.969327224759710e-01
8.282688283816235e-01 9.969443634178968e-01
8.282692299580403e-01 9.969554012110944e-01
8.282696315348465e-01 9.969658116946107e-01
8.282700331120418e-01 9.969756500948932e-01
8.282704346896276e-01 9.969848495419570e-01
8.282708362676019e-01 9.969934118751578e-01
8.282712378459657e-01 9.970013080615219e-01
8.282716394247187e-01 9.970085060507096e-01
8.282720410038621e-01 9.970150065240045e-01
8.282724425833939e-01 9.970207500406939e-01
8.282728441633151e-01 9.970256790174369e-01
8.282732457436267e-01 9.970297251932632e-01
8.282736473243268e-01 9.970328070763549e-01
8.282740489054164e-01 9.970349035330044e-01
8.282744504868953e-01 9.970358924510806e-01
8.282748520687644e-01 9.970357208992595e-01
8.282752536510223e-01 9.970344102350350e-01
8.282756552336693e-01 9.970320653900010e-01
8.282760568167060e-01 9.970288832252021e-01
8.282764584001326e-01 9.970251204932511e-01
8.282768599839481e-01 9.970210304622087e-01
8.282772615681530e-01 9.970167614710306e-01
8.282776631527472e-01 9.970122805588437e-01
8.282780647377316e-01 9.970074015571202e-01
8.282784663231045e-01 9.970016532425441e-01
8.282788679088671e-01 9.969944799087024e-01
8.282792694950190e-01 9.969853284234238e-01
8.282796710815609e-01 9.969737013949785e-01
8.282800726684916e-01 9.969591857315790e-01
8.282804742558117e-01 9.969414591467242e-01
8.282808758435221e-01 9.969202862163751e-01
8.282812774316209e-01 9.968955111836558e-01
8.282816790201093e-01 9.968670742029311e-01
8.282820806089871e-01 9.968351016145178e-01
8.282824821982550e-01 9.967998165607608e-01
8.282828837879116e-01 9.967617113959114e-01
8.282832853779577e-01 9.967216077294407e-01
8.282836869683932e-01 9.966807055408486e-01
8.282840885592186e-01 9.966405868017348e-01
8.282844901504330e-01 9.966031627272621e-01
8.282848917420367e-01 9.965705470567768e-01
8.282852933340299e-01 9.965448393849823e-01
8.282856949264131e-01 9.965278317793594e-01
8.282860965191852e-01 9.965209326226343e-01
8.282864981123466e-01 9.965247342875834e-01
8.282868997058973e-01 9.965390183292702e-01
8.282873012998384e-01 9.965628095103113e-01
8.282877028941680e-01 9.965944742685178e-01
8.282881044888871e-01 9.966320913114333e-01
8.282885060839956e-01 9.966735140952556e-01
8.282889076794944e-01 9.967166974288271e-01
8.282893092753817e-01 9.967599179090126e-01
8.282897108716585e-01 9.968017844160213e-01
8.282901124683255e-01 9.968413468129299e-01
8.282905140653811e-01 9.968779437936056e-01
8.282909156628263e-01 9.969111918152123e-01
8.282913172606607e-01 9.969409535927122e-01
8.282917188588854e-01 9.969672394915359e-01
8.282921204574989e-01 9.969901574092079e-01
8.282925220565016e-01 9.970098723931479e-01
8.282929236558939e-01 9.970265836601422e-01
8.282933252556763e-01 9.970405115936204e-01
8.282937268558475e-01 9.970518852032609e-01
8.282941284564080e-01 9.970610496032322e-01
8.282945300573581e-01 9.970682751850534e-01
8.282949316586982e-01 9.970738634685319e-01
8.282953332604269e-01 9.970781833129834e-01
8.282957348625454e-01 9.970816300552643e-01
8.282961364650532e-01 9.970846099519776e-01
8.282965380679509e-01 9.970875144080219e-01
8.282969396712375e-01 9.970906925811921e-01
8.282973412749136e-01 9.970944163265599e-01
8.282977428789798e-01 9.970988613916858e-01
8.282981444834346e-01 9.971041334173717e-01
8.282985460882791e-01 9.971101815741741e-01
8.282989476935130e-01 9.971168296672510e-01
8.282993492991368e-01 9.971238678350436e-01
8.282997509051495e-01 9.971310437249646e-01
8.283001525115518e-01 9.971380977802600e-01
8.283005541183432e-01 9.971447880814848e-01
8.283009557255250e-01 9.971509086889109e-01
8.283013573330955e-01 9.971561282875382e-01
8.283017589410553e-01 9.971606493150494e-01
8.283021605494048e-01 9.971642748814240e-01
8.283025621581442e-01 9.971669525062418e-01
8.283029637672725e-01 9.971686336580391e-01
8.283033653767902e-01 9.971693239038942e-01
8.283037669866974e-01 9.971690420476413e-01
8.283041685969946e-01 9.971678189688773e-01
8.283045702076807e-01 9.971656934435766e-01
8.283049718187562e-01 9.971627042499053e-01
8.283053734302210e-01 9.971588955077673e-01
8.283057750420763e-01 9.971543001944201e-01
8.283061766543200e-01 9.971489765946129e-01
8.283065782669533e-01 9.971429481687193e-01
8.283069798799768e-01 9.971361664072761e-01
8.283073814933890e-01 9.971286099667416e-01
8.283077831071907e-01 9.971202322005376e-01
8.283081847213817e-01 9.971109676608130e-01
8.283085863359629e-01 9.971007367429101e-01
8.283089879509330e-01 9.970894452224648e-01
8.283093895662924e-01 9.970769898287215e-01
8.283097911820414e-01 9.970632624248477e-01
8.283101927981805e-01 9.970481771703353e-01
8.283105944147083e-01 9.970316398781729e-01
8.283109960316256e-01 9.970135013576140e-01
8.283113976489325e-01 9.969936693080462e-01
8.283117992666293e-01 9.969720758177255e-01
8.283122008847149e-01 9.969486857188492e-01
8.283126025031902e-01 9.969235190997250e-01
8.283130041220548e-01 9.968966694023680e-01
8.283134057413094e-01 9.968683883608059e-01
8.283138073609529e-01 9.968388179067035e-01
8.283142089809861e-01 9.968084302208158e-01
8.283146106014084e-01 9.967777617156132e-01
8.283150122222209e-01 9.967472793484635e-01
8.283154138434224e-01 9.967174785639294e-01
8.283158154650133e-01 9.966887960371800e-01
8.283162170869942e-01 9.966615082792687e-01
8.283166187093640e-01 9.966356850219232e-01
8.283170203321233e-01 9.966111897108619e-01
8.283174219552719e-01 9.965876987897491e-01
8.283178235788108e-01 9.965647636719224e-01
8.283182252027385e-01 9.965419506632730e-01
8.283186268270556e-01 9.965188460634716e-01
8.283190284517621e-01 9.964950355146970e-01
8.283194300768588e-01 9.964702357847857e-01
8.283198317023445e-01 9.964441915125672e-01
8.283202333282194e-01 9.964166343758731e-01
8.283206349544838e-01 9.963872346111623e-01
8.283210365811384e-01 9.963555891965896e-01
8.283214382081818e-01 9.963212244229556e-01
8.283218398356147e-01 9.962836353510254e-01
8.283222414634370e-01 9.962423292077989e-01
8.283226430916496e-01 9.961968738779150e-01
8.283230447202509e-01 9.961468081497683e-01
8.283234463492416e-01 9.960918291344445e-01
8.283238479786226e-01 9.960317198853301e-01
8.283242496083922e-01 9.959664852737159e-01
8.283246512385515e-01 9.958963451972975e-01
8.283250528691002e-01 9.958218219093653e-01
8.283254545000391e-01 9.957438265968245e-01
8.283258561313667e-01 9.956637315286354e-01
8.283262577630837e-01 9.955834277905016e-01
8.283266593951903e-01 9.955053565816591e-01
8.283270610276872e-01 9.954322573251784e-01
8.283274626605728e-01 9.953671746065280e-01
8.283278642938477e-01 9.953131259502396e-01
8.283282659275123e-01 9.952727976237139e-01
8.283286675615670e-01 9.952481701268299e-01
8.283290691960103e-01 9.952404671783879e-01
8.283294708308434e-01 9.952497690255911e-01
8.283298724660659e-01 9.952750101842713e-01
8.283302741016785e-01 9.953143398019347e-01
8.283306757376799e-01 9.953652158407209e-01
8.283310773740709e-01 9.954245733473022e-01
8.283314790108511e-01 9.954893302271919e-01
8.283318806480218e-01 9.955565974959091e-01
8.283322822855812e-01 9.956238605011685e-01
8.283326839235301e-01 9.956890921447324e-01
8.283330855618690e-01 9.957507813477144e-01
8.283334872005969e-01 9.958078970888232e-01
8.283338888397143e-01 9.958598199601418e-01
8.283342904792210e-01 9.959062611571625e-01
8.283346921191180e-01 9.959472356810646e-01
8.283350937594038e-01 9.959827910911599e-01
8.283354954000792e-01 9.960131573178927e-01
8.283358970411440e-01 9.960386163508416e-01
8.283362986825989e-01 9.960594873899651e-01
8.283367003244427e-01 9.960760994689691e-01
8.283371019666760e-01 9.960887895863654e-01
8.283375036092988e-01 9.960979110414935e-01
8.283379052523117e-01 9.961038234495885e-01
8.283383068957134e-01 9.961069203288229e-01
8.283387085395048e-01 9.961076852151789e-01
8.283391101836853e-01 9.961064643659198e-01
8.283395118282565e-01 9.961036504346767e-01
8.283399134732161e-01 9.960995697498609e-01
8.283403151185654e-01 9.960944442757099e-01
8.283407167643049e-01 9.960883758411819e-01
8.283411184104330e-01 9.960813533314349e-01
8.283415200569508e-01 9.960732937405784e-01
8.283419217038580e-01 9.960640755707185e-01
8.283423233511555e-01 9.960535875363533e-01
8.283427249988418e-01 9.960418213288719e-01
8.283431266469174e-01 9.960286656786890e-01
8.283435282953827e-01 9.960141238875003e-01
8.283439299442382e-01 9.959981909142477e-01
8.283443315934825e-01 9.959808895513980e-01
8.283447332431162e-01 9.959622606830040e-01
8.283451348931395e-01 9.959423387026788e-01
8.283455365435530e-01 9.959211649628450e-01
8.283459381943553e-01 9.958988040048166e-01
8.283463398455472e-01 9.958753611776934e-01
8.283467414971285e-01 9.958510554380976e-01
8.283471431491000e-01 9.958260375574582e-01
8.283475448014602e-01 9.958005403697421e-01
8.283479464542102e-01 9.957748031777580e-01
8.283483481073495e-01 9.957490286290642e-01
8.283487497608789e-01 9.957232640209124e-01
8.283491514147974e-01 9.956974847787026e-01
8.283495530691053e-01 9.956715508825963e-01
8.283499547238032e-01 9.956452518551041e-01
8.283503563788902e-01 9.956183716778172e-01
8.283507580343668e-01 9.955907889325158e-01
8.283511596902325e-01 9.955623173124939e-01
8.283515613464887e-01 9.955328734494500e-01
8.283519630031337e-01 9.955024356420489e-01
8.283523646601683e-01 9.954710021273033e-01
8.283527663175922e-01 9.954385980306024e-01
8.283531679754064e-01 9.954052387430090e-01
8.283535696336095e-01 9.953709461453948e-01
8.283539712922020e-01 9.953357351659560e-01
8.283543729511841e-01 9.952996151716896e-01
8.283547746105564e-01 9.952626446570141e-01
8.283551762703175e-01 9.952247782999145e-01
8.283555779304681e-01 9.951859879341531e-01
8.283559795910083e-01 9.951464293706673e-01
8.283563812519387e-01 9.951057231910817e-01
8.283567829132579e-01 9.950640224460657e-01
8.283571845749667e-01 9.950212874133052e-01
8.283575862370656e-01 9.949774607742209e-01
8.283579878995532e-01 9.949324727146845e-01
8.283583895624306e-01 9.948862335160897e-01
8.283587912256973e-01 9.948386683052914e-01
8.283591928893544e-01 9.947895734492690e-01
8.283595945534002e-01 9.947386735639557e-01
8.283599962178356e-01 9.946855974509718e-01
8.283603978826606e-01 9.946297808660386e-01
8.283607995478757e-01 9.945703285713937e-01
8.283612012134798e-01 9.945058079150099e-01
8.283616028794732e-01 9.944342865665129e-01
8.283620045458563e-01 9.943530850795544e-01
8.283624062126296e-01 9.942595524375288e-01
8.283628078797916e-01 9.941524907958215e-01
8.283632095473432e-01 9.940341397873855e-01
8.283636112152845e-01 9.939119641793485e-01
8.283640128836158e-01 9.937981723455527e-01
8.283644145523360e-01 9.937060069797132e-01
8.283648162214459e-01 9.936440543980185e-01
8.283652178909452e-01 9.936119966369239e-01
8.283656195608345e-01 9.936007358332556e-01
8.283660212311130e-01 9.935968539439118e-01
8.283664229017810e-01 9.935882356485646e-01
8.283668245728391e-01 9.935676528133730e-01
8.283672262442860e-01 9.935329867806777e-01
8.283676279161226e-01 9.934855334562274e-01
8.283680295883485e-01 9.934279513860372e-01
8.283684312609648e-01 9.933628734298516e-01
8.283688329339700e-01 9.932923769287734e-01
8.283692346073648e-01 9.932179694086962e-01
8.283696362811489e-01 9.931407149607995e-01
8.283700379553234e-01 9.930614114797250e-01
8.283704396298867e-01 9.929806406846808e-01
8.283708413048394e-01 9.928988944175332e-01
8.283712429801819e-01 9.928164475360608e-01
8.283716446559145e-01 9.927334014546862e-01
8.283720463320360e-01 9.926497364486645e-01
8.283724480085469e-01 9.925653121670760e-01
8.283728496854474e-01 9.924798519713068e-01
8.283732513627383e-01 9.923930478967415e-01
8.283736530404180e-01 9.923045546630247e-01
8.283740547184872e-01 9.922140266586277e-01
8.283744563969458e-01 9.921211609128391e-01
8.283748580757948e-01 9.920257409680471e-01
8.283752597550327e-01 9.919275384593725e-01
8.283756614346600e-01 9.918263796337505e-01
8.283760631146778e-01 9.917221536404597e-01
8.283764647950842e-01 9.916147506270488e-01
8.283768664758803e-01 9.915040931382693e-01
8.283772681570658e-01 9.913900880892781e-01
8.283776698386417e-01 9.912726747836421e-01
8.283780715206064e-01 9.911517630503384e-01
8.283784732029605e-01 9.910272544926449e-01
8.283788748857044e-01 9.908990424967572e-01
8.283792765688385e-01 9.907670150091337e-01
8.283796782523613e-01 9.906310646929273e-01
8.283800799362738e-01 9.904910529529298e-01
8.283804816205759e-01 9.903468376327068e-01
8.283808833052682e-01 9.901982573458767e-01
8.283812849903492e-01 9.900451462500737e-01
8.283816866758199e-01 9.898873294483819e-01
8.283820883616803e-01 9.897246257699410e-01
8.283824900479306e-01 9.895568588430879e-01
8.283828917345700e-01 9.893838488075715e-01
8.283832934215990e-01 9.892054335163101e-01
8.283836951090182e-01 9.890215081360847e-01
8.283840967968262e-01 9.888320029997462e-01
8.283844984850238e-01 9.886368909435675e-01
8.283849001736110e-01 9.884362507864274e-01
8.283853018625884e-01 9.882302589377717e-01
8.283857035519547e-01 9.880191846882252e-01
8.283861052417106e-01 9.878034278172161e-01
8.283865069318560e-01 9.875834678472578e-01
8.283869086223916e-01 9.873598317509685e-01
8.283873103133162e-01 9.871330727321637e-01
8.283877120046303e-01 9.869036653963941e-01
8.283881136963340e-01 9.866719460975263e-01
8.283885153884279e-01 9.864380322444171e-01
8.283889170809109e-01 9.862017867345194e-01
8.283893187737832e-01 9.859628155041971e-01
8.283897204670451e-01 9.857204632572736e-01
8.283901221606974e-01 9.854738725421930e-01
8.283905238547384e-01 9.852220390890678e-01
8.283909255491692e-01 9.849639120314727e-01
8.283913272439893e-01 9.846984178731917e-01
8.283917289392000e-01 9.844245577767939e-01
8.283921306347992e-01 9.841414194595851e-01
8.283925323307881e-01 9.838481844869246e-01
8.283929340271675e-01 9.835441401275954e-01
8.283933357239355e-01 9.832286682855346e-01
8.283937374210932e-01 9.829011905016817e-01
8.283941391186405e-01 9.825612082253424e-01
8.283945408165779e-01 9.822082185885059e-01
8.283949425149044e-01 9.818417547155898e-01
8.283953442136204e-01 9.814613144283271e-01
8.283957459127259e-01 9.810664042424649e-01
8.283961476122218e-01 9.806564754947433e-01
8.283965493121064e-01 9.802309829671615e-01
8.283969510123808e-01 9.797892900696534e-01
8.283973527130447e-01 9.793307530579778e-01
8.283977544140988e-01 9.788546646437007e-01
8.283981561155418e-01 9.783602652084902e-01
8.283985578173745e-01 9.778467631140512e-01
8.283989595195967e-01 9.773132639486578e-01
8.283993612222090e-01 9.767588492191237e-01
8.283997629252104e-01 9.761825329823955e-01
8.284001646286014e-01 9.755832531814799e-01
8.284005663323827e-01 9.749598630505625e-01
8.284009680365527e-01 9.743111806703065e-01
8.284013697411124e-01 9.736358969107088e-01
8.284017714460619e-01 9.729326324074815e-01
8.284021731514013e-01 9.721998820844050e-01
8.284025748571298e-01 9.713387580952643e-01
8.284029765632479e-01 9.705367208389102e-01
8.284033782697554e-01 9.696997827732776e-01
8.284037799766534e-01 9.688259709138598e-01
8.284041816839403e-01 9.679131543055324e-01
8.284045833916166e-01 9.669591158864947e-01
8.284049850996826e-01 9.659614063608339e-01
8.284053868081389e-01 9.649174417778592e-01
8.284057885169841e-01 9.638243475659576e-01
8.284061902262188e-01 9.626791553256148e-01
8.284065919358431e-01 9.614785651059423e-01
8.284069936458579e-01 9.602190388445251e-01
8.284073953562613e-01 9.588967541824899e-01
8.284077970670545e-01 9.575075626604653e-01
8.284081987782372e-01 9.560470449688508e-01
8.284086004898104e-01 9.545102995963948e-01
8.284090022017722e-01 9.528921673170393e-01
8.284094039141237e-01 9.511869404514406e-01
8.284098056268656e-01 9.493884616880317e-01
8.284102073399963e-01 9.474900783227512e-01
8.284106090535166e-01 9.454845490785244e-01
8.284110107674264e-01 9.433639642759735e-01
8.284114124817267e-01 9.411197251784102e-01
8.284118141964159e-01 9.387424945442674e-01
8.284122159114945e-01 9.362220356106872e-01
8.284126176269628e-01 9.335471857316311e-01
8.284130193428214e-01 9.307057791379145e-01
8.284134210590690e-01 9.276844411943560e-01
8.284138227757061e-01 9.244686233853261e-01
8.284142244927328e-01 9.210423291529727e-01
8.284146262101498e-01 9.173880185444813e-01
8.284150279279557e-01 9.134864375099653e-01
8.284154296461513e-01 9.093077928343460e-01
8.284158313647365e-01 9.048452773855319e-01
8.284162330837118e-01 9.000654216734754e-01
8.284166348030763e-01 8.949402945828262e-01
8.284170365228303e-01 8.894389479053919e-01
8.284174382429738e-01 8.835276206154119e-01
8.284178399635077e-01 8.771690865735280e-01
8.284182416844305e-01 8.703227877131101e-01
8.284186434057430e-01 8.629444282648210e-01
8.284190451274456e-01 8.549859630659863e-01
8.284194468495372e-01 8.463954861653217e-01
8.284198485720184e-01 8.371171761172771e-01
8.284202502948893e-01 8.270917752479865e-01
8.284206520181504e-01 8.162568873781607e-01
8.284210537418005e-01 8.045479605138662e-01
8.284214554658401e-01 7.918994186732520e-01
8.284218571902695e-01 7.782469788606472e-01
8.284222589150891e-01 7.635304732719823e-01
8.284226606402977e-01 7.476975466140350e-01
8.284230623658958e-01 7.307091292557286e-01
8.284234640918836e-01 7.125460986387876e-01
8.284238658182617e-01 6.932174372538080e-01
8.284242675450286e-01 6.727703852755628e-01
8.284246692721853e-01 6.513007418662051e-01
8.284250709997314e-01 6.289641729866208e-01
8.284254727276681e-01 6.059858762972316e-01
8.284258744559935e-01 5.826678350452776e-01
8.284262761847085e-01 5.593896091640088e-01
8.284266779138140e-01 5.366036217135077e-01
8.284270796433083e-01 5.148205665942894e-01
8.284274813731923e-01 4.945872189265260e-01
8.284278831034658e-01 4.764563897066628e-01
8.284282848341298e-01 4.609544608963759e-01
8.284286865651825e-01 4.485492861427052e-01
8.284290882966250e-01 4.396225870186475e-01
8.284294900284571e-01 4.344509774381163e-01
8.284298917606795e-01 4.331948293323055e-01
8.284302934932909e-01 4.358929624008003e-01
8.284306952262918e-01 4.424619358766278e-01
8.284310969596824e-01 4.526980461216185e-01
8.284314986934633e-01 4.662847013810046e-01
8.284319004276330e-01 4.828060327235867e-01
8.284323021621925e-01 5.017692074030263e-01
8.284327038971417e-01 5.226345000371212e-01
8.284331056324810e-01 5.448475760849696e-01
8.284335073682094e-01 5.678715822386607e-01
8.284339091043275e-01 5.912150111960905e-01
8.284343108408350e-01 6.144509983967822e-01
8.284347125777329e-01 6.372278579287073e-01
8.284351143150199e-01 6.592723672597214e-01
8.284355160526965e-01 6.803855501872262e-01
8.284359177907632e-01 7.004348944995391e-01
8.284363195292190e-01 7.193436597424573e-01
8.284367212680644e-01 7.370797419856757e-01
8.284371230072994e-01 7.536454939049988e-01
8.284375247469249e-01 7.690682690904844e-01
8.284379264869393e-01 7.833926277383704e-01
8.284383282273433e-01 7.966742960019695e-01
8.284387299681368e-01 8.089753920156963e-01
8.284391317093207e-01 8.203608935352317e-01
8.284395334508936e-01 8.308961753860663e-01
8.284399351928561e-01 8.406450939367831e-01
8.284403369352084e-01 8.496689975667466e-01
8.284407386779509e-01 8.580256944883560e-01
8.284411404210822e-01 8.657697917748259e-01
8.284415421646033e-01 8.729515221484353e-01
8.284419439085140e-01 8.796176069867341e-01
8.284423456528152e-01 8.858108322683500e-01
8.284427473975051e-01 8.915704685529271e-01
8.284431491425848e-01 8.969323673534990e-01
8.284435508880549e-01 9.019293128264010e-01
8.284439526339137e-01 9.065911791663432e-01
8.284443543801624e-01 9.109450712421896e-01
8.284447561268006e-01 9.150233200292196e-01
8.284451578738292e-01 9.188326402582522e-01
8.284455596212467e-01 9.224018611075783e-01
8.284459613690538e-01 9.257496887702324e-01
8.284463631172507e-01 9.288931250168648e-01
8.284467648658379e-01 9.318476357092789e-01
8.284471666148141e-01 9.346273823758143e-01
8.284475683641798e-01 9.372452993164453e-01
8.284479701139352e-01 9.397131687742413e-01
8.284483718640810e-01 9.420418016696926e-01
8.284487736146157e-01 9.442410923979849e-01
8.284491753655402e-01 9.463201137512742e-01
8.284495771168543e-01 9.482871776860198e-01
8.284499788685586e-01 9.501499492734230e-01
8.284503806206519e-01 9.519154260767487e-01
8.284507823731350e-01 9.535900862600780e-01
8.284511841260076e-01 9.551798976295890e-01
8.284515858792706e-01 9.566903388296558e-01
8.284519876329226e-01 9.581264826198137e-01
8.284523893869643e-01 9.594930201514591e-01
8.284527911413961e-01 9.607942361775437e-01
8.284531928962172e-01 9.620341568251811e-01
8.284535946514279e-01 9.632164802497872e-01
8.284539964070280e-01 9.643446509721648e-01
8.284543981630187e-01 9.654218632676943e-01
8.284547999193983e-01 9.664510757532130e-01
8.284552016761676e-01 9.674350552305417e-01
8.284556034333265e-01 9.683763741812563e-01
8.284560051908757e-01 9.692774157046083e-01
8.284564069488140e-01 9.701403985741319e-01
8.284568087071418e-01 9.709674044228650e-01
8.284572104658594e-01 9.718557956446170e-01
8.284576122249674e-01 9.726114679702289e-01
8.284580139844642e-01 9.733369284596567e-01
8.284584157443508e-01 9.740337487579340e-01
8.284588175046269e-01 9.747033825586746e-01
8.284592192652936e-01 9.753472155983596e-01
8.284596210263492e-01 9.759665341119643e-01
8.284600227877944e-01 9.765625568880053e-01
8.284604245496300e-01 9.771363983320155e-01
8.284608263118545e-01 9.776891225011018e-01
8.284612280744688e-01 9.782217682123986e-01
8.284616298374726e-01 9.787352812856017e-01
8.284620316008670e-01 9.792305779253357e-01
8.284624333646502e-01 9.797085116099662e-01
8.284628351288230e-01 9.801698818962562e-01
8.284632368933856e-01 9.806154377936083e-01
8.284636386583386e-01 9.810459012690547e-01
8.284640404236806e-01 9.814619177061841e-01
8.284644421894122e-01 9.818640903822733e-01
8.284648439555335e-01 9.822530187082686e-01
8.284652457220452e-01 9.826292578673117e-01
8.284656474889457e-01 9.829933571000592e-01
8.284660492562361e-01 9.833458248194795e-01
8.284664510239161e-01 9.836871449608092e-01
8.284668527919865e-01 9.840177768787638e-01
8.284672545604458e-01 9.843381699191335e-01
8.284676563292949e-01 9.846487340071136e-01
8.284680580985335e-01 9.849498844872798e-01
8.284684598681625e-01 9.852419741890118e-01
8.284688616381807e-01 9.855253557093817e-01
8.284692634085885e-01 9.858003767891453e-01
8.284696651793865e-01 9.860673499689345e-01
8.284700669505737e-01 9.863265865007179e-01
8.284704687221506e-01 9.865783816189765e-01
8.284708704941169e-01 9.868230108197985e-01
8.284712722664738e-01 9.870607353300836e-01
8.284716740392197e-01 9.872918278161246e-01
8.284720758123553e-01 9.875165374295743e-01
8.284724775858804e-01 9.877350704449638e-01
8.284728793597960e-01 9.879476527638792e-01
8.284732811341007e-01 9.881544995527718e-01
8.284736829087949e-01 9.883558023315356e-01
8.284740846838788e-01 9.885517620811873e-01
8.284744864593532e-01 9.887425579335863e-01
8.284748882352166e-01 9.889283683231712e-01
8.284752900114696e-01 9.891093682132962e-01
8.284756917881122e-01 9.892857198705910e-01
8.284760935651454e-01 9.894575958829337e-01
8.284764953425675e-01 9.896251275475030e-01
8.284768971203793e-01 9.897884527630718e-01
8.284772988985808e-01 9.899477104977029e-01
8.284777006771726e-01 9.901030343289221e-01
8.284781024561536e-01 9.902545505893336e-01
8.284785042355240e-01 9.904023774334708e-01
8.284789060152852e-01 9.905466340521198e-01
8.284793077954350e-01 9.906874259062169e-01
8.284797095759746e-01 9.908248687052089e-01
8.284801113569040e-01 9.909590828728508e-01
8.284805131382238e-01 9.910901372418859e-01
8.284809149199326e-01 9.912181302534407e-01
8.284813167020310e-01 9.913431539663097e-01
8.284817184845191e-01 9.914652968200827e-01
8.284821202673976e-01 9.915846464006444e-01
8.284825220506651e-01 9.917012820483337e-01
8.284829238343224e-01 9.918152942484204e-01
8.284833256183695e-01 9.919267578448696e-01
8.284837274028067e-01 9.920357625182219e-01
8.284841291876330e-01 9.921424044755888e-01
8.284845309728491e-01 9.922467333160065e-01
8.284849327584549e-01 9.923488139253577e-01
8.284853345444509e-01 9.924487116942523e-01
8.284857363308361e-01 9.925464897436564e-01
8.284861381176111e-01 9.926422033755319e-01
8.284865399047763e-01 9.927359014546281e-01
8.284869416923305e-01 9.928276287159569e-01
8.284873434802745e-01 9.929174396328205e-01
8.284877452686082e-01 9.930053688263619e-01
8.284881470573323e-01 9.930914851618781e-01
8.284885488464454e-01 9.931757937161856e-01
8.284889506359483e-01 9.932583314918926e-01
8.284893524258408e-01 9.933391406018220e-01
8.284897542161237e-01 9.934182474535413e-01
8.284901560067957e-01 9.934956905004526e-01
8.284905577978573e-01 9.935715054405597e-01
8.284909595893087e-01 9.936457298418142e-01
8.284913613811504e-01 9.937184026794744e-01
8.284917631733812e-01 9.937895708147758e-01
8.284921649660018e-01 9.938593079719600e-01
8.284925667590118e-01 9.939276342137497e-01
8.284929685524126e-01 9.939946200667993e-01
8.284933703462022e-01 9.940603286761438e-01
8.284937721403817e-01 9.941248296896340e-01
8.284941739349506e-01 9.941881913889723e-01
8.284945757299101e-01 9.942504728177279e-01
8.284949775252587e-01 9.943117214626609e-01
8.284953793209968e-01 9.943719709343857e-01
8.284957811171256e-01 9.944312344797923e-01
8.284961829136432e-01 9.944895448019331e-01
8.284965847105507e-01 9.945468563467611e-01
8.284969865078478e-01 9.946031531941715e-01
8.284973883055352e-01 9.946584180340459e-01
8.284977901036118e-01 9.947126451356141e-01
8.284981919020781e-01 9.947658278436817e-01
8.284985937009340e-01 9.948179696964051e-01
8.284989955001805e-01 9.948690821116164e-01
8.284993972998158e-01 9.949191802191104e-01
8.284997990998411e-01 9.949682833247593e-01
