# G & A Technical Software, Inc.  (GATS) Spectral Calculator
# http://www.spectralcalc.com
# Date: Thu Feb 23 10:19:48 2023
# Line list: hitran2020
#
# Cell Number: 1
# Pressure (mb) = 898.8
# Temperature (K) = 281.7
# Length (cm) = 100000
# Gas               Isotope Id            Volume Mixing Ratio   
#  H2O              0  All Isotopes       0.00607              
#
# Bandpass Starting Wavelength (microns) = 0.828100219192425
# Bandpass Ending Wavelength (microns) = 0.828499780595884
# Number of Spectral Points = 912
# Mean Transmittance = 0.911933727928184
#
#   Wavelength (microns)   Transmittance
8.281002191924247e-01 9.619375050705081e-01
8.281006575776261e-01 9.621744176896433e-01
8.281010959632910e-01 9.626528899206852e-01
8.281015343494200e-01 9.633509597179085e-01
8.281019727360139e-01 9.642386827059928e-01
8.281024111230711e-01 9.652807478363468e-01
8.281028495105927e-01 9.664395584275385e-01
8.281032878985782e-01 9.676778495441618e-01
8.281037262870287e-01 9.689609195104827e-01
8.281041646759427e-01 9.702581678844037e-01
8.281046030653207e-01 9.715440456951240e-01
8.281050414551631e-01 9.727981381237245e-01
8.281054798454701e-01 9.740051996782528e-01
8.281059182362407e-01 9.751544546115631e-01
8.281063566274753e-01 9.762390504489623e-01
8.281067950191743e-01 9.772553136208808e-01
8.281072334113381e-01 9.782020043099544e-01
8.281076718039653e-01 9.790797955418267e-01
8.281081101970567e-01 9.798906357228356e-01
8.281085485906121e-01 9.806373839003213e-01
8.281089869846324e-01 9.813234550541057e-01
8.281094253791164e-01 9.819525601958117e-01
8.281098637740645e-01 9.825285312107099e-01
8.281103021694766e-01 9.830551944898100e-01
8.281107405653536e-01 9.835362131227063e-01
8.281111789616942e-01 9.839751194487949e-01
8.281116173584989e-01 9.843752049312425e-01
8.281120557557685e-01 9.847395915924618e-01
8.281124941535015e-01 9.850711322917516e-01
8.281129325516986e-01 9.853724798703440e-01
8.281133709503601e-01 9.856465201382101e-01
8.281138093494863e-01 9.858945937685520e-01
8.281142477490760e-01 9.861192737447436e-01
8.281146861491299e-01 9.863225006287962e-01
8.281151245496480e-01 9.865060885398461e-01
8.281155629506309e-01 9.866717071809924e-01
8.281160013520774e-01 9.868208942486584e-01
8.281164397539880e-01 9.869550522925912e-01
8.281168781563628e-01 9.870754309207963e-01
8.281173165592024e-01 9.871830924935148e-01
8.281177549625055e-01 9.872789514018070e-01
8.281181933662729e-01 9.873636681231100e-01
8.281186317705043e-01 9.874379653701459e-01
8.281190701752006e-01 9.875021801527549e-01
8.281195085803605e-01 9.875568163567726e-01
8.281199469859847e-01 9.876022504198697e-01
8.281203853920736e-01 9.876388480759833e-01
8.281208237986258e-01 9.876669891548858e-01
8.281212622056425e-01 9.876870206388554e-01
8.281217006131233e-01 9.876992833049029e-01
8.281221390210689e-01 9.877040877800459e-01
8.281225774294780e-01 9.877017200346365e-01
8.281230158383514e-01 9.876924468796976e-01
8.281234542476890e-01 9.876765122687354e-01
8.281238926574913e-01 9.876541556785341e-01
8.281243310677573e-01 9.876256111738728e-01
8.281247694784873e-01 9.875910687630486e-01
8.281252078896817e-01 9.875507194591935e-01
8.281256463013408e-01 9.875047377946927e-01
8.281260847134635e-01 9.874532588235272e-01
8.281265231260504e-01 9.873964213433386e-01
8.281269615391014e-01 9.873340157081708e-01
8.281273999526173e-01 9.872665826992331e-01
8.281278383665968e-01 9.871996057217645e-01
8.281282767810405e-01 9.871217483754409e-01
8.281287151959482e-01 9.870389359558969e-01
8.281291536113210e-01 9.869511991247155e-01
8.281295920271573e-01 9.868585566589330e-01
8.281300304434578e-01 9.867610218883949e-01
8.281304688602231e-01 9.866585981032301e-01
8.281309072774519e-01 9.865512684519474e-01
8.281313456951449e-01 9.864388673358058e-01
8.281317841133021e-01 9.863214966165463e-01
8.281322225319243e-01 9.861991305171097e-01
8.281326609510100e-01 9.860717268194166e-01
8.281330993705598e-01 9.859392204492308e-01
8.281335377905739e-01 9.858015418563798e-01
8.281339762110528e-01 9.856586197754170e-01
8.281344146319953e-01 9.855103674633064e-01
8.281348530534020e-01 9.853566845508274e-01
8.281352914752729e-01 9.851974717390678e-01
8.281357298976086e-01 9.850324647579713e-01
8.281361683204079e-01 9.848616747826525e-01
8.281366067436715e-01 9.846849727743585e-01
8.281370451673992e-01 9.845022253095786e-01
8.281374835915918e-01 9.843132643408242e-01
8.281379220162480e-01 9.841179303165313e-01
8.281383604413685e-01 9.839160428604671e-01
8.281387988669537e-01 9.837074117984280e-01
8.281392372930024e-01 9.834918216104600e-01
8.281396757195155e-01 9.832690461250995e-01
8.281401141464927e-01 9.830387478399777e-01
8.281405525739348e-01 9.828007801244557e-01
8.281409910018405e-01 9.825549033344897e-01
8.281414294302103e-01 9.823008288572571e-01
8.281418678590445e-01 9.820382557807317e-01
8.281423062883435e-01 9.817668837368955e-01
8.281427447181061e-01 9.814863672244709e-01
8.281431831483328e-01 9.811963522565067e-01
8.281436215790239e-01 9.808964654450766e-01
8.281440600101797e-01 9.805862958034597e-01
8.281444984417992e-01 9.802653108567831e-01
8.281449368738828e-01 9.799331708397139e-01
8.281453753064306e-01 9.795894109356806e-01
8.281458137394434e-01 9.792335327435131e-01
8.281462521729198e-01 9.788650171624391e-01
8.281466906068604e-01 9.784833135629680e-01
8.281471290412652e-01 9.780878435660035e-01
8.281475674761348e-01 9.776780630968275e-01
8.281480059114682e-01 9.772533750247426e-01
8.281484443472656e-01 9.768131912298239e-01
8.281488827835281e-01 9.763568490241835e-01
8.281493212202540e-01 9.758839277176696e-01
8.281497596574442e-01 9.753939846908797e-01
8.281501980950985e-01 9.748866445082738e-01
8.281506365332179e-01 9.743615897478419e-01
8.281510749718008e-01 9.738186352831695e-01
8.281515134108478e-01 9.732577388446906e-01
8.281519518503593e-01 9.726789336008077e-01
8.281523902903355e-01 9.720823732065880e-01
8.281528287307754e-01 9.714682735188125e-01
8.281532671716794e-01 9.708366754804150e-01
8.281537056130478e-01 9.701877836013756e-01
8.281541440548810e-01 9.695215428211519e-01
8.281545824971777e-01 9.688375311158716e-01
8.281550209399388e-01 9.681349698610684e-01
8.281554593831640e-01 9.674126531724565e-01
8.281558978268542e-01 9.666689299088269e-01
8.281563362710080e-01 9.659016877223632e-01
8.281567747156261e-01 9.651084740064855e-01
8.281572131607090e-01 9.642865086988324e-01
8.281576516062554e-01 9.634326505816360e-01
8.281580900522661e-01 9.625438947136468e-01
8.281585284987412e-01 9.616170469543196e-01
8.281589669456811e-01 9.606488728668787e-01
8.281594053930845e-01 9.596360957791489e-01
8.281598438409522e-01 9.584471021604577e-01
8.281602822892843e-01 9.573276639705697e-01
8.281607207380812e-01 9.561530462171649e-01
8.281611591873417e-01 9.549196418077106e-01
8.281615976370664e-01 9.536236641350642e-01
8.281620360872555e-01 9.522609274268237e-01
8.281624745379094e-01 9.508272032938664e-01
8.281629129890269e-01 9.493178885123318e-01
8.281633514406086e-01 9.477279553685645e-01
8.281637898926546e-01 9.460521394647682e-01
8.281642283451655e-01 9.442851510174143e-01
8.281646667981400e-01 9.424215754808143e-01
8.281651052515789e-01 9.404566447585754e-01
8.281655437054819e-01 9.383861809081870e-01
8.281659821598498e-01 9.362069339963940e-01
8.281664206146815e-01 9.339162184366403e-01
8.281668590699773e-01 9.315114632149017e-01
8.281672975257381e-01 9.289887268512111e-01
8.281677359819625e-01 9.263413343534507e-01
8.281681744386511e-01 9.235591407567437e-01
8.281686128958039e-01 9.206283647456145e-01
8.281690513534218e-01 9.175322225848266e-01
8.281694898115032e-01 9.142520320864147e-01
8.281699282700488e-01 9.107684752348503e-01
8.281703667290587e-01 9.070621194620733e-01
8.281708051885337e-01 9.031135441002673e-01
8.281712436484723e-01 8.989031628388384e-01
8.281716821088749e-01 8.944107859612638e-01
8.281721205697420e-01 8.896148481659285e-01
8.281725590310740e-01 8.844920716970366e-01
8.281729974928694e-01 8.790172474927392e-01
8.281734359551294e-01 8.731630056688939e-01
8.281738744178534e-01 8.668994279327902e-01
8.281743128810425e-01 8.601833611064188e-01
8.281747513446952e-01 8.530006345328237e-01
8.281751898088121e-01 8.453036148339003e-01
8.281756282733941e-01 8.370525507247919e-01
8.281760667384395e-01 8.282049569270817e-01
8.281765052039493e-01 8.187164401174243e-01
8.281769436699232e-01 8.085409016216114e-01
8.281773821363624e-01 7.976315132474816e-01
8.281778206032648e-01 7.859414392769235e-01
8.281782590706317e-01 7.734252606403664e-01
8.281786975384630e-01 7.600413704097364e-01
8.281791360067591e-01 7.457539804781932e-01
8.281795744755188e-01 7.305366335794583e-01
8.281800129447427e-01 7.143762931943846e-01
8.281804514144311e-01 6.972783388413861e-01
8.281808898845844e-01 6.792720143851758e-01
8.281813283552013e-01 6.604172775883500e-01
8.281817668262824e-01 6.408111030955950e-01
8.281822052978277e-01 6.205945891707989e-01
8.281826437698382e-01 5.999578667744657e-01
8.281830822423122e-01 5.791439527071663e-01
8.281835207152506e-01 5.584491164857962e-01
8.281839591886531e-01 5.382182028608474e-01
8.281843976625207e-01 5.188365826357577e-01
8.281848361368519e-01 5.007157666184168e-01
8.281852746116475e-01 4.842744451646627e-01
8.281857130869079e-01 4.699194375913658e-01
8.281861515626319e-01 4.580225408693538e-01
8.281865900388202e-01 4.489027900696331e-01
8.281870285154729e-01 4.428090851145327e-01
8.281874669925905e-01 4.399098717327830e-01
8.281879054701717e-01 4.402858007133373e-01
8.281883439482173e-01 4.439259852962052e-01
8.281887824267271e-01 4.507297790611812e-01
8.281892209057019e-01 4.605094430399461e-01
8.281896593851404e-01 4.729988354414975e-01
8.281900978650431e-01 4.878653372767184e-01
8.281905363454102e-01 5.047271875363284e-01
8.281909748262422e-01 5.231732302119724e-01
8.281914133075378e-01 5.427843329681943e-01
8.281918517892978e-01 5.631536495241146e-01
8.281922902715220e-01 5.839041332386739e-01
8.281927287542111e-01 6.047013106977668e-01
8.281931672373641e-01 6.252609703983421e-01
8.281936057209813e-01 6.453522318381090e-01
8.281940442050635e-01 6.647967425696880e-01
8.281944826896092e-01 6.834640847257618e-01
8.281949211746193e-01 7.012662586611660e-01
8.281953596600936e-01 7.181510397329856e-01
8.281957981460332e-01 7.340949930901188e-01
8.281962366324361e-01 7.490977459597956e-01
8.281966751193034e-01 7.631755780680951e-01
8.281971136066351e-01 7.763571690538176e-01
8.281975520944317e-01 7.886798480696219e-01
8.281979905826921e-01 8.001862890339880e-01
8.281984290714165e-01 8.109216539285559e-01
8.281988675606055e-01 8.209327513221720e-01
8.281993060502594e-01 8.302655247885106e-01
8.281997445403769e-01 8.389646804189237e-01
8.282001830309588e-01 8.470730490350797e-01
8.282006215220048e-01 8.546311306350918e-01
8.282010600135160e-01 8.616776925325629e-01
8.282014985054909e-01 8.682602750895094e-01
8.282019369979301e-01 8.743968906115067e-01
8.282023754908334e-01 8.801369937903234e-01
8.282028139842019e-01 8.855189907786213e-01
8.282032524780341e-01 8.905775038459497e-01
8.282036909723305e-01 8.953419611097778e-01
8.282041294670919e-01 8.998328805866772e-01
8.282045679623169e-01 9.040646647279886e-01
8.282050064580063e-01 9.080487966604903e-01
8.282054449541600e-01 9.117966761894973e-01
8.282058834507787e-01 9.153213526951915e-01
8.282063219478611e-01 9.186372808518147e-01
8.282067604454078e-01 9.217593135615271e-01
8.282071989434189e-01 9.247019297782129e-01
8.282076374418949e-01 9.274785480669252e-01
8.282080759408347e-01 9.301012769785081e-01
8.282085144402386e-01 9.325811539905634e-01
8.282089529401070e-01 9.349280109107261e-01
8.282093914404404e-01 9.371509285303523e-01
8.282098299412373e-01 9.392580929152111e-01
8.282102684424987e-01 9.412571051093859e-01
8.282107069442244e-01 9.431548160527501e-01
8.282111454464151e-01 9.449575558429926e-01
8.282115839490695e-01 9.466712017407555e-01
8.282120224521882e-01 9.483010893441641e-01
8.282124609557719e-01 9.498522637753439e-01
8.282128994598192e-01 9.513293126514117e-01
8.282133379643311e-01 9.527364787117939e-01
8.282137764693069e-01 9.540777102826022e-01
8.282142149747482e-01 9.553566416203079e-01
8.282146534806528e-01 9.565767411285960e-01
8.282150919870219e-01 9.577410651286754e-01
8.282155304938553e-01 9.589792069547343e-01
8.282159690011538e-01 9.600334234591624e-01
8.282164075089160e-01 9.610403689072192e-01
8.282168460171424e-01 9.620022574472504e-01
8.282172845258332e-01 9.629211865243246e-01
8.282177230349891e-01 9.637990418745067e-01
8.282181615446086e-01 9.646375674659666e-01
8.282186000546924e-01 9.654384395711160e-01
8.282190385652405e-01 9.662031577515069e-01
8.282194770762538e-01 9.669330254791624e-01
8.282199155877307e-01 9.676292894119576e-01
8.282203540996720e-01 9.682930665498742e-01
8.282207926120775e-01 9.689253830524251e-01
8.282212311249482e-01 9.695272205075152e-01
8.282216696382825e-01 9.700994612342287e-01
8.282221081520812e-01 9.706430033848096e-01
8.282225466663449e-01 9.711586413100162e-01
8.282229851810722e-01 9.716473039144204e-01
8.282234236962640e-01 9.721099732527747e-01
8.282238622119200e-01 9.725476463382120e-01
8.282243007280411e-01 9.729615288160082e-01
8.282247392446260e-01 9.733530532489776e-01
8.282251777616750e-01 9.737239191513777e-01
8.282256162791887e-01 9.740762128890930e-01
8.282260547971673e-01 9.744123517253849e-01
8.282264933156095e-01 9.747351802089310e-01
8.282269318345160e-01 9.750479123607392e-01
8.282273703538870e-01 9.753540846626463e-01
8.282278088737230e-01 9.756574835782057e-01
8.282282473940227e-01 9.759618276337256e-01
8.282286859147868e-01 9.762706527069445e-01
8.282291244360152e-01 9.765870880886366e-01
8.282295629577087e-01 9.769135648767008e-01
8.282300014798659e-01 9.772516002570021e-01
8.282304400024875e-01 9.776017105474948e-01
8.282308785255741e-01 9.779633603394511e-01
8.282313170491242e-01 9.783350042852235e-01
8.282317555731390e-01 9.787143202361070e-01
8.282321940976179e-01 9.790984920695722e-01
8.282326326225621e-01 9.794843654666736e-01
8.282330711479697e-01 9.798687775086846e-01
8.282335096738419e-01 9.802488414995705e-01
8.282339482001784e-01 9.806220864166092e-01
8.282343867269800e-01 9.809864962316447e-01
8.282348252542453e-01 9.813405877108218e-01
8.282352637819749e-01 9.816833402366576e-01
8.282357023101690e-01 9.820141693180884e-01
8.282361408388280e-01 9.823328395932257e-01
8.282365793679508e-01 9.826394489727664e-01
8.282370178975379e-01 9.829341801708452e-01
8.282374564275893e-01 9.832173667433848e-01
8.282378949581060e-01 9.834894181654894e-01
8.282383334890863e-01 9.837507924062575e-01
8.282387720205310e-01 9.840019354595388e-01
8.282392105524400e-01 9.842432977786867e-01
8.282396490848141e-01 9.844753470711415e-01
8.282400876176520e-01 9.846985325071815e-01
8.282405261509542e-01 9.849133451953718e-01
8.282409646847215e-01 9.851203741515450e-01
8.282414032189525e-01 9.853202054149820e-01
8.282418417536478e-01 9.855133825330720e-01
8.282422802888075e-01 9.857006010961872e-01
8.282427188244323e-01 9.858825279615874e-01
8.282431573605209e-01 9.860598002689324e-01
8.282435958970737e-01 9.862329601664412e-01
8.282440344340911e-01 9.864024381647652e-01
8.282444729715736e-01 9.865685079994518e-01
8.282449115095197e-01 9.867312855669382e-01
8.282453500479301e-01 9.868908262135305e-01
8.282457885868051e-01 9.870469923101751e-01
8.282462271261450e-01 9.871995698651151e-01
8.282466656659486e-01 9.873483843331479e-01
8.282471042062167e-01 9.874932666246412e-01
8.282475427469492e-01 9.876341110640163e-01
8.282479812881467e-01 9.877708542820278e-01
8.282484198298080e-01 9.879034936496318e-01
8.282488583719337e-01 9.880320817990259e-01
8.282492969145245e-01 9.881566926076877e-01
8.282497354575790e-01 9.882775022047715e-01
8.282501740010978e-01 9.883946196540154e-01
8.282506125450810e-01 9.885081375425717e-01
8.282510510895296e-01 9.886182028633694e-01
8.282514896344415e-01 9.887249479794350e-01
8.282519281798180e-01 9.888285154759224e-01
8.282523667256589e-01 9.889290342145756e-01
8.282528052719649e-01 9.890266395866739e-01
8.282532438187347e-01 9.891214606155428e-01
8.282536823659686e-01 9.892136254773006e-01
8.282541209136672e-01 9.893033269134751e-01
8.282545594618308e-01 9.893906610037736e-01
8.282549980104582e-01 9.894757165073631e-01
8.282554365595499e-01 9.895586006622732e-01
8.282558751091060e-01 9.896399147745759e-01
8.282563136591272e-01 9.897187265690476e-01
8.282567522096123e-01 9.897956327853535e-01
8.282571907605617e-01 9.898706956667558e-01
8.282576293119754e-01 9.899439599688814e-01
8.282580678638544e-01 9.900154538742734e-01
8.282585064161970e-01 9.900851106082008e-01
8.282589449690042e-01 9.901532036612759e-01
8.282593835222763e-01 9.902195602562049e-01
8.282598220760121e-01 9.902841809655285e-01
8.282602606302125e-01 9.903470534585043e-01
8.282606991848772e-01 9.904081755568455e-01
8.282611377400070e-01 9.904675266421901e-01
8.282615762956006e-01 9.905250907132312e-01
8.282620148516585e-01 9.905808517746334e-01
8.282624534081811e-01 9.906347827661115e-01
8.282628919651686e-01 9.906869230623321e-01
8.282633305226198e-01 9.907372391631862e-01
8.282637690805355e-01 9.907856975717728e-01
8.282642076389156e-01 9.908323340038551e-01
8.282646461977609e-01 9.908772718606578e-01
8.282650847570697e-01 9.909206936384881e-01
8.282655233168431e-01 9.909628344788766e-01
8.282659618770809e-01 9.910040061733997e-01
8.282664004377839e-01 9.910444808807958e-01
8.282668389989506e-01 9.910844449654116e-01
8.282672775605817e-01 9.911240017476258e-01
8.282677161226779e-01 9.911630136377505e-01
8.282681546852378e-01 9.912011870165587e-01
8.282685932482623e-01 9.912382134507195e-01
8.282690318117510e-01 9.912737733858482e-01
8.282694703757051e-01 9.913076063139278e-01
8.282699089401228e-01 9.913395264833910e-01
8.282703475050048e-01 9.913693979865323e-01
8.282707860703514e-01 9.913971384634571e-01
8.282712246361631e-01 9.914226332417686e-01
8.282716632024386e-01 9.914459791005550e-01
8.282721017691784e-01 9.914669727453325e-01
8.282725403363829e-01 9.914855152236172e-01
8.282729789040523e-01 9.915014512653647e-01
8.282734174721855e-01 9.915146108356028e-01
8.282738560407831e-01 9.915248100612982e-01
8.282742946098451e-01 9.915318660107467e-01
8.282747331793724e-01 9.915356354837058e-01
8.282751717493634e-01 9.915360870457344e-01
8.282756103198189e-01 9.915333388922771e-01
8.282760488907387e-01 9.915277798148212e-01
8.282764874621237e-01 9.915199325189989e-01
8.282769260339724e-01 9.915104120540252e-01
8.282773646062858e-01 9.914998316096093e-01
8.282778031790641e-01 9.914885421099759e-01
8.282782417523061e-01 9.914764641682854e-01
8.282786803260127e-01 9.914630160888940e-01
8.282791189001836e-01 9.914471988546101e-01
8.282795574748197e-01 9.914278076205728e-01
8.282799960499198e-01 9.914036459774687e-01
8.282804346254840e-01 9.913737762122482e-01
8.282808732015129e-01 9.913375193249654e-01
8.282813117780068e-01 9.912945261179328e-01
8.282817503549645e-01 9.912448805528966e-01
8.282821889323867e-01 9.911890608807812e-01
8.282826275102734e-01 9.911279856660067e-01
8.282830660886251e-01 9.910630385325950e-01
8.282835046674406e-01 9.909961261054210e-01
8.282839432467206e-01 9.909296482556211e-01
8.282843818264650e-01 9.908664674684001e-01
8.282848204066746e-01 9.908098201629135e-01
8.282852589873481e-01 9.907629365788303e-01
8.282856975684860e-01 9.907287808454607e-01
8.282861361500889e-01 9.907097865707496e-01
8.282865747321557e-01 9.907075232628704e-01
8.282870133146869e-01 9.907224825966536e-01
8.282874518976826e-01 9.907540305264912e-01
8.282878904811436e-01 9.908004892218063e-01
8.282883290650681e-01 9.908593479661492e-01
8.282887676494571e-01 9.909275450253834e-01
8.282892062343108e-01 9.910020366120019e-01
8.282896448196294e-01 9.910797172717463e-01
8.282900834054120e-01 9.911578129483076e-01
8.282905219916589e-01 9.912340906154569e-01
8.282909605783704e-01 9.913068326498762e-01
8.282913991655469e-01 9.913748250688544e-01
8.282918377531874e-01 9.914372977452458e-01
8.282922763412922e-01 9.914938396450397e-01
8.282927149298615e-01 9.915443306283594e-01
8.282931535188959e-01 9.915887891637525e-01
8.282935921083943e-01 9.916276891314265e-01
8.282940306983571e-01 9.916613512746956e-01
8.282944692887841e-01 9.916902276158583e-01
8.282949078796765e-01 9.917149042267184e-01
8.282953464710328e-01 9.917360208664381e-01
8.282957850628535e-01 9.917542580323377e-01
8.282962236551393e-01 9.917702981486264e-01
8.282966622478889e-01 9.917847849075598e-01
8.282971008411030e-01 9.917982900013774e-01
8.282975394347816e-01 9.918112687721057e-01
8.282979780289252e-01 9.918241110038545e-01
8.282984166235329e-01 9.918369774186121e-01
8.282988552186048e-01 9.918498227544397e-01
8.282992938141414e-01 9.918625296950235e-01
8.282997324101431e-01 9.918748672961496e-01
8.283001710066086e-01 9.918865353199315e-01
8.283006096035385e-01 9.918972030307809e-01
8.283010482009330e-01 9.919060694749221e-01
8.283014867987926e-01 9.919137683249429e-01
8.283019253971160e-01 9.919195522015425e-01
8.283023639959040e-01 9.919233028247424e-01
8.283028025951563e-01 9.919248575823104e-01
8.283032411948739e-01 9.919240677319044e-01
8.283036797950553e-01 9.919208639942509e-01
8.283041183957013e-01 9.919152196027410e-01
8.283045569968123e-01 9.919071299801115e-01
8.283049955983871e-01 9.918966053477226e-01
8.283054342004265e-01 9.918836550207222e-01
8.283058728029303e-01 9.918682966453611e-01
8.283063114058995e-01 9.918505183249778e-01
8.283067500093322e-01 9.918303423588428e-01
8.283071886132295e-01 9.918077208612537e-01
8.283076272175914e-01 9.917825015940935e-01
8.283080658224184e-01 9.917545619109738e-01
8.283085044277093e-01 9.917237357911837e-01
8.283089430334646e-01 9.916898470995310e-01
8.283093816396845e-01 9.916526865045029e-01
8.283098202463696e-01 9.916120336549290e-01
8.283102588535185e-01 9.915676701181625e-01
8.283106974611317e-01 9.915193876984597e-01
8.283111360692095e-01 9.914670530790106e-01
8.283115746777525e-01 9.914105394831408e-01
8.283120132867595e-01 9.913497322174769e-01
8.283124518962309e-01 9.912846588454399e-01
8.283128905061667e-01 9.912154909887700e-01
8.283133291165679e-01 9.911425461193060e-01
8.283137677274328e-01 9.910663234928350e-01
8.283142063387622e-01 9.909874966814485e-01
8.283146449505568e-01 9.909070851379286e-01
8.283150835628151e-01 9.908256143097641e-01
8.283155221755382e-01 9.907442498318669e-01
8.283159607887256e-01 9.906639539793649e-01
8.283163994023782e-01 9.905852901741146e-01
8.283168380164947e-01 9.905086759131114e-01
8.283172766310757e-01 9.904341845148534e-01
8.283177152461212e-01 9.903615858370622e-01
8.283181538616319e-01 9.902903814331294e-01
8.283185924776065e-01 9.902198940976679e-01
8.283190310940455e-01 9.901493776598916e-01
8.283194697109492e-01 9.900780391358711e-01
8.283199083283179e-01 9.900051540006373e-01
8.283203469461504e-01 9.899299370998357e-01
8.283207855644477e-01 9.898514910629719e-01
8.283212241832092e-01 9.897689326576539e-01
8.283216628024361e-01 9.896813356706395e-01
8.283221014221268e-01 9.895877964043532e-01
8.283225400422821e-01 9.894875267919021e-01
8.283229786629025e-01 9.893799364001173e-01
8.283234172839867e-01 9.892647364807134e-01
8.283238559055356e-01 9.891420079974551e-01
8.283242945275489e-01 9.890123966760721e-01
8.283247331500275e-01 9.888768989453069e-01
8.283251717729698e-01 9.887371618360801e-01
8.283256103963766e-01 9.885954787737496e-01
8.283260490202482e-01 9.884547862947501e-01
8.283264876445848e-01 9.883186019104230e-01
8.283269262693853e-01 9.881908774689095e-01
8.283273648946503e-01 9.880758113982583e-01
8.283278035203799e-01 9.879774901508084e-01
8.283282421465747e-01 9.878995907762889e-01
8.283286807732334e-01 9.878450073685884e-01
8.283291194003565e-01 9.878155162133015e-01
8.283295580279441e-01 9.878115152506084e-01
8.283299966559970e-01 9.878321099397614e-01
8.283304352845138e-01 9.878751443454473e-01
8.283308739134951e-01 9.879374360490527e-01
8.283313125429410e-01 9.880151166490324e-01
8.283317511728521e-01 9.881039317989164e-01
8.283321898032270e-01 9.881996380763931e-01
8.283326284340665e-01 9.882982584792228e-01
8.283330670653712e-01 9.883963483812359e-01
8.283335056971397e-01 9.884910390162386e-01
8.283339443293728e-01 9.885800184786363e-01
8.283343829620704e-01 9.886616416614142e-01
8.283348215952332e-01 9.887348229224189e-01
8.283352602288599e-01 9.887989268130354e-01
8.283356988629512e-01 9.888536771263563e-01
8.283361374975070e-01 9.888990621773980e-01
8.283365761325281e-01 9.889352676429918e-01
8.283370147680130e-01 9.889626268533900e-01
8.283374534039625e-01 9.889816438155882e-01
8.283378920403764e-01 9.889928716120676e-01
8.283383306772557e-01 9.889968736753435e-01
8.283387693145987e-01 9.889943379588035e-01
8.283392079524065e-01 9.889860059697764e-01
8.283396465906786e-01 9.889726183807108e-01
8.283400852294160e-01 9.889548532791661e-01
8.283405238686175e-01 9.889332635104212e-01
8.283409625082834e-01 9.889082398257506e-01
8.283414011484145e-01 9.888799593113526e-01
8.283418397890093e-01 9.888484848703876e-01
8.283422784300689e-01 9.888137357682776e-01
8.283427170715929e-01 9.887754738452419e-01
8.283431557135824e-01 9.887336055845058e-01
8.283435943560356e-01 9.886878846732757e-01
8.283440329989532e-01 9.886383604454676e-01
8.283444716423356e-01 9.885850482039007e-01
8.283449102861832e-01 9.885279025297382e-01
8.283453489304947e-01 9.884670308755712e-01
8.283457875752707e-01 9.884026290807122e-01
8.283462262205112e-01 9.883349389957972e-01
8.283466648662171e-01 9.882643230113368e-01
8.283471035123868e-01 9.881911139923272e-01
8.283475421590211e-01 9.881157846062570e-01
8.283479808061198e-01 9.880387972705448e-01
8.283484194536839e-01 9.879605563018173e-01
8.283488581017119e-01 9.878813481300680e-01
8.283492967502045e-01 9.878010497140909e-01
8.283497353991616e-01 9.877195334566892e-01
8.283501740485839e-01 9.876364786473517e-01
8.283506126984702e-01 9.875515021482686e-01
8.283510513488210e-01 9.874642605083622e-01
8.283514899996371e-01 9.873743635144659e-01
8.283519286509170e-01 9.872816132860267e-01
8.283523673026616e-01 9.871858708816122e-01
8.283528059548706e-01 9.870870654683176e-01
8.283532446075450e-01 9.869851869373221e-01
8.283536832606834e-01 9.868802325658236e-01
8.283541219142861e-01 9.867721766862376e-01
8.283545605683535e-01 9.866610249143163e-01
8.283549992228862e-01 9.865467663546301e-01
8.283554378778829e-01 9.864293855531355e-01
8.283558765333440e-01 9.863087283888802e-01
8.283563151892698e-01 9.861846941189635e-01
8.283567538456608e-01 9.860576026843548e-01
8.283571925025155e-01 9.859262873003790e-01
8.283576311598351e-01 9.857910021335624e-01
8.283580698176191e-01 9.856514156036078e-01
8.283585084758683e-01 9.855070752195805e-01
8.283589471345817e-01 9.853573691440186e-01
8.283593857937596e-01 9.852014437632148e-01
8.283598244534026e-01 9.850381066794014e-01
8.283602631135095e-01 9.848654253183643e-01
8.283607017740812e-01 9.846805030372604e-01
8.283611404351172e-01 9.844794784695119e-01
8.283615790966188e-01 9.842564810985437e-01
8.283620177585841e-01 9.840042540130067e-01
8.283624564210139e-01 9.837158055906390e-01
8.283628950839085e-01 9.833883505610703e-01
8.283633337472682e-01 9.830293051483339e-01
8.283637724110920e-01 9.826611237262880e-01
8.283642110753803e-01 9.823196381258806e-01
8.283646497401332e-01 9.820432165532693e-01
8.283650884053514e-01 9.818564640474050e-01
8.283655270710335e-01 9.817576928175318e-01
8.283659657371801e-01 9.817196682688658e-01
8.283664044037913e-01 9.817032622482206e-01
8.283668430708678e-01 9.816735412055568e-01
8.283672817384083e-01 9.816096515071562e-01
8.283677204064135e-01 9.815054771755692e-01
8.283681590748831e-01 9.813644913101260e-01
8.283685977438181e-01 9.811939635592561e-01
8.283690364132170e-01 9.810010630152722e-01
8.283694750830806e-01 9.807915940361718e-01
8.283699137534093e-01 9.805697936566010e-01
8.283703524242019e-01 9.803386485024135e-01
8.283707910954592e-01 9.801002536662685e-01
8.283712297671810e-01 9.798560417099268e-01
8.283716684393683e-01 9.796069238666297e-01
8.283721071120194e-01 9.793533690772129e-01
8.283725457851351e-01 9.790955467774154e-01
8.283729844587154e-01 9.788332744040857e-01
8.283734231327611e-01 9.785660360943488e-01
8.283738618072706e-01 9.782932000017128e-01
8.283743004822447e-01 9.780140749624352e-01
8.283747391576836e-01 9.777279197275217e-01
8.283751778335876e-01 9.774340341170008e-01
8.283756165099555e-01 9.771317881350338e-01
8.283760551867881e-01 9.768206128204787e-01
8.283764938640853e-01 9.765000438574618e-01
8.283769325418477e-01 9.761696650879010e-01
8.283773712200743e-01 9.758291484628743e-01
8.283778098987654e-01 9.754780649639659e-01
8.283782485779217e-01 9.751160828033247e-01
8.283786872575419e-01 9.747428874009321e-01
8.283791259376270e-01 9.743581487226890e-01
8.283795646181764e-01 9.739615195368609e-01
8.283800032991914e-01 9.735526645066510e-01
8.283804419806701e-01 9.731311931443056e-01
8.283808806626134e-01 9.726967415105704e-01
8.283813193450215e-01 9.722489287457199e-01
8.283817580278947e-01 9.717874675786082e-01
8.283821967112320e-01 9.713118728722719e-01
8.283826353950339e-01 9.708217514953010e-01
8.283830740793005e-01 9.703168346921328e-01
8.283835127640322e-01 9.697968044015420e-01
8.283839514492281e-01 9.692614703674158e-01
8.283843901348884e-01 9.687107409615234e-01
8.283848288210134e-01 9.681445886678749e-01
8.283852675076037e-01 9.675631057786854e-01
8.283857061946580e-01 9.669665652718483e-01
8.283861448821770e-01 9.663552762307681e-01
8.283865835701604e-01 9.657295261258381e-01
8.283870222586093e-01 9.650896635318823e-01
8.283874609475221e-01 9.644359290188310e-01
8.283878996368996e-01 9.637683980312094e-01
8.283883383267424e-01 9.630868881571630e-01
8.283887770170490e-01 9.623909277856126e-01
8.283892157078204e-01 9.616796568959833e-01
8.283896543990563e-01 9.609519324232805e-01
8.283900930907576e-01 9.602062579703298e-01
8.283905317829229e-01 9.594409176825420e-01
8.283909704755528e-01 9.586538810410460e-01
8.283914091686473e-01 9.578431007560778e-01
8.283918478622071e-01 9.570064741450703e-01
8.283922865562310e-01 9.561419294431218e-01
8.283927252507194e-01 9.552474725622850e-01
8.283931639456725e-01 9.543211269623798e-01
8.283936026410910e-01 9.533610088531322e-01
8.283940413369733e-01 9.523653310084864e-01
8.283944800333203e-01 9.513323392133177e-01
8.283949187301319e-01 9.502602774446014e-01
8.283953574274089e-01 9.491473568553446e-01
8.283957961251499e-01 9.479916049584659e-01
8.283962348233556e-01 9.467912591961057e-01
8.283966735220265e-01 9.455442452834777e-01
8.283971122211614e-01 9.442484828460589e-01
8.283975509207609e-01 9.429017813014046e-01
8.283979896208251e-01 9.415017367421610e-01
8.283984283213548e-01 9.400459696398605e-01
8.283988670223482e-01 9.385317416989141e-01
8.283993057238063e-01 9.369563305729005e-01
8.283997444257292e-01 9.353166694333411e-01
8.284001831281173e-01 9.336094114270027e-01
8.284006218309695e-01 9.318312647167408e-01
8.284010605342862e-01 9.299785029829094e-01
8.284014992380676e-01 9.280472358224898e-01
8.284019379423144e-01 9.257981578767703e-01
8.284023766470252e-01 9.236836204911110e-01
8.284028153522005e-01 9.214762178966479e-01
8.284032540578405e-01 9.191708936801659e-01
8.284036927639460e-01 9.167621735729177e-01
8.284041314705154e-01 9.142440487989656e-01
8.284045701775495e-01 9.116102499861179e-01
8.284050088850481e-01 9.088539762106593e-01
8.284054475930122e-01 9.059679005789555e-01
8.284058863014403e-01 9.029443730048705e-01
8.284063250103330e-01 8.997750647558381e-01
8.284067637196910e-01 8.964508501171549e-01
8.284072024295130e-01 8.929620668945133e-01
8.284076411397998e-01 8.892985429485466e-01
8.284080798505511e-01 8.854490652527768e-01
8.284085185617678e-01 8.814015902195338e-01
8.284089572734485e-01 8.771433374006989e-01
8.284093959855938e-01 8.726604778463449e-01
8.284098346982040e-01 8.679380471666017e-01
8.284102734112793e-01 8.629603348385926e-01
8.284107121248188e-01 8.577099232308484e-01
8.284111508388227e-01 8.521684644527694e-01
8.284115895532915e-01 8.463162217251107e-01
8.284120282682256e-01 8.401319235807727e-01
8.284124669836236e-01 8.335929092535618e-01
8.284129056994863e-01 8.266745316535907e-01
8.284133444158137e-01 8.193507960832753e-01
8.284137831326065e-01 8.115936878622757e-01
8.284142218498634e-01 8.033734466171775e-01
8.284146605675848e-01 7.946583259881974e-01
8.284150992857716e-01 7.854147649797872e-01
8.284155380044224e-01 7.756072599714152e-01
8.284159767235380e-01 7.651982525358275e-01
8.284164154431181e-01 7.541489992740683e-01
8.284168541631637e-01 7.424007360727568e-01
8.284172928836732e-01 7.299464456950248e-01
8.284177316046474e-01 7.167273627195369e-01
8.284181703260863e-01 7.027014843494264e-01
8.284186090479906e-01 6.878280445482428e-01
8.284190477703589e-01 6.720686965064694e-01
8.284194864931919e-01 6.553888025462926e-01
8.284199252164895e-01 6.377603183880605e-01
8.284203639402525e-01 6.191638832021996e-01
8.284208026644796e-01 5.995913644198576e-01
8.284212413891713e-01 5.790503774434812e-01
8.284216801143276e-01 5.575681282861119e-01
8.284221188399494e-01 5.351955187741818e-01
8.284225575660352e-01 5.120123194297257e-01
8.284229962925858e-01 4.881319194866569e-01
8.284234350196009e-01 4.637053312264124e-01
8.284238737470815e-01 4.389238226456737e-01
8.284243124750261e-01 4.140208855969044e-01
8.284247512034354e-01 3.892686959101787e-01
8.284251899323101e-01 3.649747231883001e-01
8.284256286616486e-01 3.414717154095329e-01
8.284260673914520e-01 3.191051256363338e-01
8.284265061217200e-01 2.982184908967773e-01
8.284269448524534e-01 2.791373615864784e-01
8.284273835836510e-01 2.621543964004238e-01
8.284278223153130e-01 2.475180955239008e-01
8.284282610474399e-01 2.354275620456027e-01
8.284286997800321e-01 2.260308751174040e-01
8.284291385130884e-01 2.194304534766647e-01
8.284295772466094e-01 2.156901695937309e-01
8.284300159805951e-01 2.148424350105806e-01
8.284304547150461e-01 2.168944105490952e-01
8.284308934499611e-01 2.218289331889903e-01
8.284313321853409e-01 2.296014009345112e-01
8.284317709211854e-01 2.401329507207286e-01
8.284322096574952e-01 2.533030736342738e-01
8.284326483942692e-01 2.689428479939944e-01
8.284330871315079e-01 2.868323161752912e-01
8.284335258692118e-01 3.067036821206129e-01
8.284339646073798e-01 3.282489659881757e-01
8.284344033460126e-01 3.511335026165692e-01
8.284348420851100e-01 3.750107119323556e-01
8.284352808246730e-01 3.995387004075924e-01
8.284357195646997e-01 4.243942671241062e-01
8.284361583051912e-01 4.492834582887562e-01
8.284365970461477e-01 4.739495529678831e-01
8.284370357875693e-01 4.981768361441883e-01
8.284374745294552e-01 5.217907285515232e-01
8.284379132718056e-01 5.446564266714311e-01
8.284383520146208e-01 5.666749379025314e-01
8.284387907579014e-01 5.877788570720494e-01
8.284392295016461e-01 6.079277895209094e-01
8.284396682458554e-01 6.271031380953348e-01
8.284401069905293e-01 6.453042088357992e-01
8.284405457356687e-01 6.625441037648366e-01
8.284409844812723e-01 6.788458928862764e-01
8.284414232273406e-01 6.942407125280629e-01
8.284418619738735e-01 7.087647974476261e-01
8.284423007208718e-01 7.224575126012747e-01
8.284427394683342e-01 7.353603748922966e-01
8.284431782162615e-01 7.475154933805095e-01
8.284436169646540e-01 7.589810247519168e-01
8.284440557135105e-01 7.697647340405208e-01
8.284444944628319e-01 7.799240662602194e-01
8.284449332126178e-01 7.894975227999682e-01
8.284453719628693e-01 7.985218159834006e-01
8.284458107135848e-01 8.070316967494060e-01
8.284462494647650e-01 8.150601792237402e-01
8.284466882164100e-01 8.226382140560836e-01
8.284471269685204e-01 8.297949190117972e-01
8.284475657210949e-01 8.365573797589255e-01
8.284480044741340e-01 8.429511013831918e-01
8.284484432276379e-01 8.489998712167054e-01
8.284488819816073e-01 8.547258078409794e-01
8.284493207360406e-01 8.601495614140554e-01
8.284497594909387e-01 8.652903179381586e-01
8.284501982463015e-01 8.701659958336876e-01
8.284506370021297e-01 8.747932735537991e-01
8.284510757584221e-01 8.791875428966638e-01
8.284515145151793e-01 8.833632437998926e-01
8.284519532724017e-01 8.873338108417006e-01
8.284523920300882e-01 8.911116811306361e-01
8.284528307882396e-01 8.947084843420240e-01
8.284532695468555e-01 8.981349703046245e-01
8.284537083059371e-01 9.014012029538592e-01
8.284541470654826e-01 9.045166088285611e-01
8.284545858254928e-01 9.074898888773942e-01
8.284550245859679e-01 9.103291697218269e-01
8.284554633469082e-01 9.130420591015365e-01
8.284559021083129e-01 9.156356641155983e-01
8.284563408701821e-01 9.181165779229348e-01
8.284567796325161e-01 9.204910534856420e-01
8.284572183953155e-01 9.227648173888379e-01
8.284576571585791e-01 9.249433510207752e-01
8.284580959223072e-01 9.272615500290243e-01
8.284585346865002e-01 9.292521551594686e-01
8.284589734511587e-01 9.311625632855605e-01
8.284594122162813e-01 9.329968643984350e-01
8.284598509818686e-01 9.347589463912056e-01
8.284602897479205e-01 9.364524055327719e-01
8.284607285144380e-01 9.380806941464744e-01
8.284611672814196e-01 9.396470252934557e-01
8.284616060488659e-01 9.411543750626092e-01
8.284620448167777e-01 9.426057170571839e-01
8.284624835851534e-01 9.440036931591452e-01
8.284629223539940e-01 9.453509190426844e-01
8.284633611232993e-01 9.466497565767695e-01
8.284637998930701e-01 9.479024447304458e-01
8.284642386633050e-01 9.491110761976598e-01
8.284646774340045e-01 9.502776342005221e-01
8.284651162051689e-01 9.514039269431852e-01
8.284655549767987e-01 9.524917665836978e-01
8.284659937488927e-01 9.535428227507651e-01
8.284664325214514e-01 9.545587169778230e-01
8.284668712944748e-01 9.555409505418730e-01
8.284673100679637e-01 9.564909566491319e-01
8.284677488419167e-01 9.574101530195234e-01
8.284681876163345e-01 9.582997984819566e-01
8.284686263912169e-01 9.591611346839524e-01
8.284690651665648e-01 9.599953319443978e-01
8.284695039423770e-01 9.608035100265251e-01
8.284699427186538e-01 9.615866981651355e-01
8.284703814953961e-01 9.623459168331853e-01
8.284708202726024e-01 9.630820984851214e-01
8.284712590502736e-01 9.637961731242310e-01
8.284716978284095e-01 9.644889638540215e-01
8.284721366070109e-01 9.651613193083650e-01
8.284725753860763e-01 9.658140199941735e-01
8.284730141656065e-01 9.664477994759233e-01
8.284734529456016e-01 9.670633836833191e-01
8.284738917260620e-01 9.676614402654132e-01
8.284743305069867e-01 9.682426143388174e-01
8.284747692883759e-01 9.688075246829795e-01
8.284752080702301e-01 9.693567581282871e-01
8.284756468525498e-01 9.698908657438128e-01
8.284760856353335e-01 9.704104132509739e-01
8.284765244185819e-01 9.709159068225678e-01
8.284769632022951e-01 9.714078254107429e-01
8.284774019864739e-01 9.718866640486217e-01
8.284778407711167e-01 9.723528450713950e-01
8.284782795562244e-01 9.728068374677186e-01
8.284787183417968e-01 9.732490300300495e-01
8.284791571278346e-01 9.736798127281305e-01
8.284795959143366e-01 9.740995730327344e-01
8.284800347013035e-01 9.745086650043454e-01
8.284804734887358e-01 9.749074273376770e-01
8.284809122766320e-01 9.752962141728670e-01
8.284813510649932e-01 9.756753405675684e-01
8.284817898538190e-01 9.760451096552983e-01
8.284822286431105e-01 9.764058307775887e-01
8.284826674328660e-01 9.767577921743636e-01
8.284831062230863e-01 9.771012700168193e-01
8.284835450137714e-01 9.774365265390502e-01
8.284839838049219e-01 9.777638263806856e-01
8.284844225965368e-01 9.780834019531410e-01
8.284848613886161e-01 9.783955043930567e-01
8.284853001811605e-01 9.787003452371922e-01
8.284857389741702e-01 9.789981528715497e-01
8.284861777676441e-01 9.792891232901768e-01
8.284866165615827e-01 9.795734437508716e-01
8.284870553559862e-01 9.798513201252481e-01
8.284874941508552e-01 9.801229002351919e-01
8.284879329461883e-01 9.803883504570672e-01
8.284883717419862e-01 9.806478210309335e-01
8.284888105382496e-01 9.809014679537074e-01
8.284892493349770e-01 9.811494292189538e-01
8.284896881321694e-01 9.813918430648708e-01
8.284901269298264e-01 9.816288552799582e-01
8.284905657279491e-01 9.818606064018007e-01
8.284910045265358e-01 9.820872207270244e-01
8.284914433255872e-01 9.823088794728925e-01
8.284918821251036e-01 9.825257091974745e-01
8.284923209250854e-01 9.827378494594912e-01
8.284927597255314e-01 9.829455077519800e-01
8.284931985264421e-01 9.831488277151759e-01
8.284936373278178e-01 9.833480007915918e-01
8.284940761296588e-01 9.835431911553054e-01
8.284945149319640e-01 9.837345668271973e-01
8.284949537347340e-01 9.839222740141094e-01
8.284953925379688e-01 9.841064242505504e-01
8.284958313416690e-01 9.842871200286143e-01
8.284962701458336e-01 9.844644034418926e-01
8.284967089504629e-01 9.846383083983292e-01
8.284971477555569e-01 9.848088459367934e-01
8.284975865611165e-01 9.849760326436661e-01
8.284980253671402e-01 9.851398814821796e-01
8.284984641736288e-01 9.853004017888346e-01
8.284989029805829e-01 9.854576231322556e-01
8.284993417880010e-01 9.856115815597818e-01
8.284997805958840e-01 9.857623269458684e-01
